                                    Province Pop.Inf Pop.sen Unipers Divorzi Vedovi Laurea Notitolo T.attiv T.disoc. Mov.nat Mov.mig Natalit. Fecondi1 Dopo.82 xbagni Impianto  TV.. Parco Lusso.Imm Add.H Add.J Imp.cont Cont.res Add.Ul x0add.Add   V68 Artigiane Imprendi 
               "Anzola dell'Emilia"     "BO"    7.09    6.06    13.9    2.88   7.08   2.46    10.71    54.2      4.3   95.44   96.77     7.64     3.34   22.32  23.05    92.75 29.06 60.29     12.83  1.91  0.53    20532    65.43   51.4     61.55 26.27     42.35     5.76
                         "Argelato"     "BO"    7.83    5.60    13.4    2.64   5.68   2.78    11.03    55.0      5.7   92.53  103.46     6.95     2.84   14.81  29.11    92.23 29.22 70.87     18.82  8.50  1.82    20738    64.84   96.6     57.35 20.38     26.38     5.05
                        "Baricella"     "BO"    6.38   10.97    20.4    2.51  10.11   2.08    16.70    47.5      5.5   58.62  234.19     8.09     4.21    5.43  23.71    83.86 32.70 56.62     10.46  1.06  0.31    16996    64.63   19.9     28.75  0.00     54.88     4.12
                          "Bazzano"     "BO"    5.88    9.81    20.5    2.84   8.87   3.17    12.81    47.8      5.2   71.89  155.61     8.35     4.00   12.77  16.75    86.59 32.40 56.70     12.98  1.07  0.85    20075    60.01   48.1     49.35 25.34     35.31     6.55
                      "Bentivoglio"     "BO"    6.01    9.53    16.1    2.61   8.50   1.73    16.70    50.5      5.1   74.26  132.04     8.22     3.93   10.62  28.14    87.31 30.24 65.02      9.35  2.03  0.49    19262    63.36   83.3     75.67 46.06     35.84     4.87
                          "Bologna"     "BO"    5.28   10.43    28.9    2.86  10.63  11.67     8.07    45.4      6.5   44.96   86.19     5.63     2.91    3.19  15.60    88.37 36.09 60.81     21.44  2.00  2.82    24919    67.49   51.4     62.49 42.10     23.01     7.27
                 "Borgo Tossignano"     "BO"    7.84   11.80    26.3    2.96  10.80   2.06    18.99    46.5      6.2   68.75  173.84     9.87     5.02    6.80  20.20    78.90 30.49 52.75      5.43  1.31  0.38    16450    58.63   22.4     43.74 14.92     49.21     3.39
                           "Budrio"     "BO"    6.87   10.36    20.9    2.17   9.09   3.86    16.22    47.6      5.1   65.62  193.54     7.86     3.99   13.56  28.12    84.60 30.84 60.03     12.05  1.17  0.85    19599    61.77   38.6     60.38 33.91     39.83     6.66
                "Calderara di Reno"     "BO"    8.30    5.03    17.9    3.46   5.81   2.98    10.72    57.1      4.3  121.89  136.34     8.77     3.54   17.62  30.40    94.49 26.60 67.34     12.79  2.20  0.71    21495    62.31   86.2     66.96 28.56     39.67     6.31
                        "Camugnano"     "BO"    7.38   11.94    30.6    1.58  12.42   1.59    17.53    40.2      8.7   46.79  173.15     8.15     4.64    5.71  16.55    59.13 33.80 54.89      5.56  2.35  0.14    15414    60.79   30.5     44.58 30.77     53.01     4.31
              "Casalecchio di Reno"     "BO"    5.62    7.67    20.9    3.20   8.93   5.50     9.69    49.5      5.1   60.70   82.06     6.22     3.00   10.86  15.47    95.09 35.40 61.12     14.66  1.43  0.77    22375    67.50   31.7     56.26 27.69     34.13     4.68
                   "Casalfiumanese"     "BO"    7.92    8.39    18.9    2.09   7.46   2.51    19.71    48.4      4.1   71.26  125.45     7.99     3.74    8.74  25.39    81.89 29.18 60.22      8.09  1.55  0.43    16923    61.42   30.9     54.38 29.00     51.74     3.27
                   "Castel d'Aiano"     "BO"    5.86   13.45    33.2    2.30  12.30   1.25    16.72    42.3      5.4   41.57  168.79     7.09     3.82    6.32  11.20    59.16 32.01 51.90      8.21  4.25  0.34    15234    61.32   27.1     21.61  0.00     45.12     1.68
                   "Castel del Rio"     "BO"    6.21   13.33    33.0    1.55  12.15   2.85    22.33    41.6      3.7   17.46  250.85     3.35     2.26    8.21  16.85    73.00 32.69 53.61      7.84  3.93  0.37    16126    60.91   19.6     23.72  0.00     44.19     5.62
                  "Castel di Casio"     "BO"    5.33   10.66    28.2    1.98  10.84   1.93    16.29    40.9      7.1   50.39  135.14     7.65     4.30    7.34  17.49    74.40 28.73 54.25      5.83  1.13  0.07    18151    63.29   27.9     59.95 36.76     55.77     4.44
         "Castel Guelfo di Bologna"     "BO"    8.32    8.07    15.4    2.15   6.96   1.71    16.82    50.1      5.6   98.72  181.59     9.20     4.39   10.40  27.00    86.03 28.15 57.69      6.21  0.54  0.18    16898    55.29   27.4     38.95  0.00     49.77     4.77
                "Castello d'Argile"     "BO"    9.08    8.50    18.4    1.44   7.60   2.44    11.97    48.4      5.5   82.57  201.33     8.18     3.84   19.39  32.58    88.41 28.92 54.51     10.59  1.14  0.38    18430    59.17   34.6     54.57 12.68     45.87     4.89
           "Castello di Serravalle"     "BO"    7.72    9.09    23.6    2.31   8.37   2.27    18.38    51.1      5.1   93.41  280.36    10.22     5.02   11.84  24.23    83.32 28.09 59.07      9.46  1.26  0.36    17939    56.87   29.1     28.00  9.29     40.00     5.62
                  "Castel Maggiore"     "BO"    7.48    6.72    16.3    2.97   7.32   3.71    10.77    51.9      5.0   77.75  130.17     7.15     3.09   23.54  27.66    94.99 31.14 61.00     13.95  1.40  0.78    21309    63.57   55.8     68.82 31.94     34.59     6.25
          "Castel San Pietro Terme"     "BO"    7.74    7.63    18.1    2.74   7.53   3.38    15.20    51.0      4.8   72.90  169.06     7.76     3.48   17.10  28.73    89.75 30.30 59.65      9.88  2.14  0.42    19702    61.87   36.1     49.05 15.24     38.33     5.25
                        "Castenaso"     "BO"    7.67    6.36    14.7    2.37   6.66   4.77    11.82    54.2      4.0  105.37  108.89     8.76     3.72   18.54  26.55    95.83 29.62 65.41     13.90  3.24  0.88    22533    64.92   51.7     60.72 23.52     33.49     6.79
           "Castiglione dei Pepoli"     "BO"    7.17    9.36    26.8    1.66  10.84   2.00    12.91    42.5      8.7   45.61  186.74     5.97     3.01    5.45  17.79    74.62 31.19 50.88      8.21  3.30  0.57    17134    57.56   28.7     36.35  7.90     40.40     6.65
                      "Crespellano"     "BO"    7.18    8.80    17.2    2.49   8.48   2.48    14.55    51.7      4.0   59.15  162.14     6.48     3.10   11.59  25.07    88.78 28.91 63.16     13.50  1.47  0.42    19574    61.91   61.2     64.66 35.04     39.44     5.13
                       "Crevalcore"     "BO"    6.38    9.62    19.6    2.11  10.34   3.05    14.67    47.8      5.5   59.26  129.91     6.49     3.34    9.61  27.26    86.15 32.69 53.69     10.47  0.96  0.47    17936    64.65   31.8     48.59 18.29     43.30     5.01
                            "Dozza"     "BO"    8.76    6.82    15.9    2.73   6.41   2.99    15.43    49.9      5.9  108.00  148.69     9.10     3.88   17.60  30.19    91.90 27.37 61.26     14.06  1.60  0.24    19655    58.79   40.1     50.53 16.66     49.18     6.55
                      "Fontanelice"     "BO"    7.16   10.12    24.6    1.79  10.43   2.28    20.05    47.7      4.9   59.62  129.91     6.37     3.35    7.89  21.38    77.63 30.72 53.67      8.47  1.91  0.49    15558    57.50   22.6     28.07  0.00     45.67     4.63
                   "Gaggio Montano"     "BO"    7.72    9.66    26.4    1.73   9.41   1.90    14.13    44.6      5.4   82.52  134.18     8.96     4.61    6.96  15.26    72.84 28.86 52.14      6.86  2.10  0.32    17780    60.96   35.8     42.21 15.00     49.89     7.06
                         "Galliera"     "BO"    7.31    9.50    20.3    2.65   9.52   2.23    15.83    47.5      7.5   62.23  159.48     8.61     4.26    9.41  22.81    86.18 31.81 54.10      6.70  0.99  0.24    17223    62.47   25.1     52.86 24.01     44.48     5.64
                      "Granaglione"     "BO"    5.72   13.33    38.4    2.28  13.38   2.11     9.49    41.8      5.9   36.97  154.60     7.11     3.95    5.59  12.11    65.11 35.34 53.42      5.26  1.70  0.19    17644    63.35   20.4     28.74 15.91     42.42     5.53
            "Granarolo dell'Emilia"     "BO"    6.79    6.81    15.5    2.62   6.52   3.04    12.34    53.4      5.6   94.59  238.96    10.10     4.45   19.39  27.86    90.02 29.30 71.40     17.46  2.37  1.01    21604    63.15  113.3     72.55 34.66     32.40     6.56
                 "Grizzana Morandi"     "BO"    6.43    9.60    31.9    3.43  10.06   2.01    12.58    45.0      7.0   63.48  213.40     8.59     4.29    6.92  16.06    75.45 28.50 55.26      3.43  1.91  0.04    18276    58.69   19.2     32.97 12.34     50.26     4.13
                            "Imola"     "BO"    7.15    9.45    20.8    3.02   8.51   5.48    13.50    46.2      6.1   70.92  174.69     7.68     3.67   11.42  25.93    91.05 32.14 59.34     11.93  1.48  1.15    20233    63.18   39.2     62.79 40.24     30.66     5.32
             "Lizzano in Belvedere"     "BO"    5.88   13.01    36.9    1.51  12.32   2.63    13.29    39.5     10.3   42.98  172.65     7.49     4.00    2.96  13.82    64.16 34.46 52.66     14.21  6.10  0.86    14590    65.11   27.3     16.48  0.00     30.34     8.05
                           "Loiano"     "BO"    9.04    8.04    28.9    3.15   7.72   3.29    11.61    47.9      4.6   82.91  130.42    10.40     4.82   13.38  19.03    82.96 26.88 57.52      9.45  2.09  0.74    19156    56.08   26.9     49.10 16.97     34.76     7.77
                       "Malalbergo"     "BO"    6.52   10.39    19.2    2.00   9.56   2.15    14.17    47.0      5.5   64.29  169.25     7.43     3.77   13.94  26.15    86.92 32.64 55.00     12.37  1.08  0.53    17735    63.48   29.2     39.61  9.54     44.08     6.48
                       "Marzabotto"     "BO"    7.58    7.44    20.1    2.95   8.32   3.58    12.54    50.8      5.3   75.14  227.07     8.63     3.84   19.37  27.08    83.53 29.65 58.43      6.64  1.54  0.23    21265    61.58   34.8     58.20 36.17     39.61     6.63
                         "Medicina"     "BO"    7.18    9.99    19.1    1.98   8.89   1.41    17.38    47.6      5.0   69.11  163.26     8.31     4.12   10.61  22.15    85.73 31.70 57.91     11.18  1.05  0.38    17522    62.41   24.3     40.65 16.57     33.98     4.88
                         "Minerbio"     "BO"    7.37    9.17    18.6    2.38   9.05   1.15    13.54    50.8      5.2   72.82  186.26     7.38     3.53   18.68  26.64    83.71 31.55 59.71     10.61  1.34  0.50    19016    63.77   39.3     57.51 27.76     41.20     6.16
                        "Molinella"     "BO"    6.29   10.86    23.7    1.98  10.98   2.36    18.27    46.2      6.3   45.91  207.66     6.35     3.17    8.45  26.30    83.91 33.50 56.08      9.56  1.04  0.67    17672    63.59   32.5     55.15 27.72     51.89     5.01
                       "Monghidoro"     "BO"    8.16   10.44    30.0    3.30   9.49   2.42    17.47    44.5      5.9   46.62  148.06     7.82     4.24    8.82  19.41    79.41 26.33 57.59      7.41  2.28  0.37    17558    58.74   29.7     41.74 18.46     45.49     5.36
                      "Monterenzio"     "BO"    8.60    6.02    21.0    3.46   7.60   2.94    12.89    49.7      5.7   98.40  214.17    11.01     4.84   28.67  25.62    85.52 27.07 60.92      9.98  2.47  0.73    19646    56.78   21.4     23.46  0.00     46.72     7.73
                 "Monte San Pietro"     "BO"    7.95    5.83    18.0    3.12   6.41   4.18    11.29    54.5      4.0  114.57  237.60    10.04     4.21   32.34  36.71    88.34 27.35 61.18     12.51  1.84  0.17    22715    61.58   31.8     47.30  9.60     42.51     9.21
                      "Monteveglio"     "BO"    8.14    7.01    19.0    2.95   6.90   4.02    12.96    52.6      4.9   93.52  169.89     8.70     3.79   22.78  36.16    88.02 28.46 63.06     11.44  1.40  0.21    20617    60.39   53.3     50.12 17.50     52.04     5.84
                          "Monzuno"     "BO"    8.16    7.01    20.5    3.00   7.48   2.37    12.62    47.5      7.7   87.97  205.30     9.14     4.37   11.57  23.91    79.00 30.21 58.12     10.86  2.27  0.61    19229    55.52   28.3     27.51  0.00     45.23     7.58
                          "Mordano"     "BO"    7.09    9.44    16.4    2.03   7.72   1.74    17.37    49.4      5.2   80.58  171.52     7.22     3.61    8.63  27.98    88.24 29.39 60.25      9.60  0.52  0.34    16405    62.44   44.1     73.98 47.07     44.49     2.85
               "Ozzano dell'Emilia"     "BO"    8.00    6.25    16.1    3.35   6.26   3.00    13.87    54.2      4.7  104.21  132.44     7.69     3.28   23.75  27.48    92.05 27.92 63.78     13.44  1.56  0.97    21494    62.88   65.4     68.63 36.92     41.24     6.20
                          "Pianoro"     "BO"    6.84    6.25    18.7    2.90   6.64   5.64    11.43    51.4      5.3   81.17  140.76     7.72     3.41   14.12  29.03    89.12 29.54 64.73     15.16  2.09  0.61    23876    61.43   48.0     59.92 27.74     35.79     9.15
                   "Pieve di Cento"     "BO"    8.39    6.21    19.2    2.16   7.76   3.54    12.39    49.7      9.1   79.89  102.88     7.23     3.23    5.53  33.66    90.10 30.57 51.75      8.69  1.64  0.35    20113    61.66   34.8     54.12 28.30     41.92     4.57
                   "Porretta Terme"     "BO"    6.84   11.25    28.0    1.93  11.30   4.42    10.49    42.5      7.5   48.98  140.58     6.86     3.63    7.07  16.09    78.15 34.96 57.62     10.32  6.30  1.99    18624    64.42   61.3     60.14 42.76     21.43     6.11
                   "Sala Bolognese"     "BO"    7.98    6.22    13.4    2.47   6.83   1.91    13.35    53.7      4.0  111.61  185.59     8.44     3.76   12.46  25.93    90.30 28.27 63.67      8.72  0.91  0.59    20041    63.34   38.7     53.04  7.13     50.60     5.63
      "San Benedetto Val di Sambro"     "BO"    8.34    8.13    25.8    1.97   8.08   1.49    15.95    43.0      9.2   55.06  147.50     6.97     3.58    5.41  15.19    72.69 28.39 56.27      7.17  2.57  0.26    17881    58.32   23.9     30.52  0.00     39.59     6.95
             "San Giorgio di Piano"     "BO"    6.71    9.50    19.6    2.04   9.22   3.36    12.73    50.8      5.7   57.07  155.74     6.85     3.45   12.04  26.11    86.87 30.88 59.79     11.72  1.21  1.36    19768    65.45   50.6     54.99 15.41     37.31     6.51
        "San Giovanni in Persiceto"     "BO"    7.20    8.71    19.6    2.31   8.73   3.31    12.70    48.9      5.6   68.70  164.68     7.34     3.62   11.31  29.10    89.11 31.79 55.79      9.27  1.15  0.90    19467    63.14   33.3     46.05 15.71     45.84     5.99
            "San Lazzaro di Savena"     "BO"    6.18    6.54    18.4    3.36   7.44   7.90    10.13    51.6      5.7   66.63   81.50     6.37     2.85   15.53  28.09    94.70 30.59 62.25     12.56  1.38  0.64    24808    65.14   35.6     52.39 16.92     32.49     9.43
             "San Pietro in Casale"     "BO"    5.79    9.62    22.0    2.81   9.24   3.13    15.47    48.4      6.7   56.55  162.48     6.69     3.34    6.33  23.58    85.78 32.21 55.83      8.25  1.44  0.56    18502    65.94   26.2     44.55 11.72     38.53     5.79
             "Sant'Agata Bolognese"     "BO"    7.10    8.50    19.1    3.04   9.62   1.92    14.24    50.9      6.2   66.47  220.50     7.64     3.60   16.77  23.08    87.09 30.00 53.46     11.02  1.08  0.37    18560    60.24   41.4     61.72 36.57     45.58     5.08
                    "Sasso Marconi"     "BO"    6.25    7.26    18.8    3.12   7.52   4.94    11.64    50.4      5.0   56.73  112.39     6.34     2.85   11.61  28.37    87.24 30.61 61.18     12.01  2.20  0.46    24399    62.59   45.9     60.24 35.21     29.48     8.00
                          "Savigno"     "BO"    7.91   11.35    33.5    2.46  10.68   1.79    18.34    44.4      5.2   54.37  175.64     8.34     4.38    7.61  20.97    67.32 29.67 50.98      8.50  2.77  0.18    15905    59.56   22.1     24.90  0.00     52.08     5.48
                          "Vergato"     "BO"    6.42   10.27    26.6    2.69  10.52   2.46    14.48    44.6      5.4   54.66  146.41     7.66     3.83    6.19  14.65    80.20 38.18 51.98      8.47  2.01  0.68    18436    62.89   40.1     52.23 33.16     38.21     3.87
                     "Zola Predosa"     "BO"    6.55    6.13    14.9    3.08   7.19   3.71    10.32    52.8      4.7   81.93  131.74     7.04     3.09   12.22  25.12    93.79 30.37 65.16     13.48  2.44  0.82    22069    66.24   70.0     71.35 32.79     27.33     6.77
                          "Argenta"     "FE"    5.82   10.72    18.6    2.10  10.73   2.61    19.72    45.4      7.9   39.51  125.69     5.46     2.88    8.77  24.82    85.05 34.15 55.63     11.54  1.06  0.46    15945    61.60   27.4     46.55 16.96     39.87     2.72
                            "Berra"     "FE"    6.10   10.47    23.4    1.29  12.36   1.32    25.80    40.7     10.7   31.50  106.69     5.19     2.68    6.79  16.68    73.51 34.56 45.82      8.20  0.68  0.24    14293    59.66   21.0     38.69  4.97     47.79     2.60
                          "Bondeno"     "FE"    5.92    9.38    18.5    1.76  11.08   2.96    15.84    43.9      7.2   33.72  132.54     4.60     2.41    8.71  22.91    84.19 32.93 53.71      9.32  1.04  0.48    16150    62.41   30.2     50.28 18.40     50.42     6.94
                            "Cento"     "FE"    7.29    7.88    16.7    2.43   8.87   4.24    10.55    48.4      8.3   69.29  110.32     7.59     3.58    7.88  31.56    90.72 30.32 58.81     11.45  0.99  1.36    19397    62.75   40.6     54.40 33.36     44.37     5.99
                         "Codigoro"     "FE"    6.22    8.37    18.8    2.25   9.92   2.10    23.54    44.4     16.9   47.16  112.02     5.18     2.57   11.05  20.91    77.27 33.73 50.73      7.50  1.26  0.53    14747    62.04   28.1     41.22 11.68     46.54     5.22
                        "Comacchio"     "FE"    8.41    5.15    21.0    2.35   6.47   1.67    18.73    46.3     24.5   99.39  141.40     7.66     3.26    9.14  17.06    82.65 26.97 48.45     11.35  4.06  0.57    14491    50.53   32.6     34.64  9.12     20.99     5.77
                          "Copparo"     "FE"    5.51    8.63    17.3    1.78   9.73   2.54    17.73    43.4     11.4   41.84  120.07     4.96     2.44    8.93  19.54    80.59 33.61 49.03      9.42  0.82  0.38    16052    58.56   31.6     58.17 36.83     35.55     3.56
                          "Ferrara"     "FE"    5.34    8.72    22.3    3.03  10.43   8.19    11.43    44.9      9.3   41.92  132.27     5.51     2.69    8.46  20.62    87.96 34.47 58.92     15.76  1.45  1.39    20173    61.91   38.8     60.67 35.19     30.22     5.99
                       "Formignana"     "FE"    6.43    9.39    20.1    2.13  10.22   1.62    15.81    44.2     12.1   43.00  142.14     4.93     2.44   14.98  18.65    86.82 32.90 49.59      6.29  0.48  0.14    15527    60.19   17.5     33.40  0.00     44.31     2.70
                             "Goro"     "FE"    8.37    5.22    14.5    1.16   7.48   0.70    23.51    46.7     11.0   93.81   62.78     8.01     3.40   13.65  13.19    95.38 29.86 43.88     20.70  0.91  0.50    20810    48.64   45.1     25.83  7.29     10.88     3.37
                "Jolanda di Savoia"     "FE"    6.70    6.98    15.5    1.51   8.70   0.96    26.42    44.1     10.0   52.58   77.52     4.36     2.08    5.97  12.59    83.48 32.91 49.17      5.21  0.49  0.26    15031    52.94   16.9     49.47  0.00     40.56     3.40
                        "Lagosanto"     "FE"    7.27    7.00    14.9    2.19   9.10   1.07    26.02    43.0     19.2   65.44  153.52     6.76     3.11    8.36  17.62    83.09 33.78 52.25      8.48  0.87  0.25    13075    57.83   17.2     16.45  0.00     54.65     5.75
                     "Masi Torello"     "FE"    6.26    8.85    16.9    1.23   9.01   2.58    15.95    49.0      7.2   32.97  142.24     4.12     2.00   12.24  22.80    85.21 33.25 53.91     10.00  0.58  0.29    15598    61.73   25.1     46.80  0.00     41.50     2.18
                  "Massa Fiscaglia"     "FE"    5.57    9.67    21.8    2.18  10.87   1.21    22.56    45.3     17.2   44.32   99.54     6.56     3.40   15.14  19.34    69.02 33.30 48.44     10.47  0.82  0.31    14324    60.84   20.9     36.78  0.00     48.64     2.74
                           "Mesola"     "FE"    7.18    8.50    19.9    1.81   9.00   1.07    26.85    44.1     15.1   47.89  108.16     5.23     2.55    8.72  15.78    87.34 32.04 49.03      7.95  0.68  0.23    14094    51.95   23.6     35.28  7.40     48.48     4.57
                       "Migliarino"     "FE"    5.83    8.36    18.9    2.28   9.93   2.83    20.32    46.0     14.0   40.15  109.43     4.55     2.18    5.31  19.96    76.48 33.98 50.29      7.69  0.99  0.50    15396    58.85   21.9     29.06  0.00     40.00     5.03
                         "Migliaro"     "FE"    6.35    9.87    17.3    1.87  11.16   0.88    24.69    44.5     20.4   34.29  127.43     4.98     2.54   13.43  17.80    67.62 31.56 49.03      5.02  0.58  0.21    14514    54.25   17.5     28.27  0.00     47.86     2.53
                        "Mirabello"     "FE"    6.38    8.85    16.4    2.33   9.71   2.93    16.11    47.8      8.9   42.14  126.82     5.65     2.85   13.76  28.80    85.36 32.12 52.00     10.40  0.57  0.46    17383    62.97   25.2     35.73  0.00     51.08     5.40
                        "Ostellato"     "FE"    6.28    8.53    15.8    1.70   9.66   1.13    20.05    46.9     15.7   41.49  119.76     5.21     2.50    8.86  21.72    78.51 32.06 50.47      7.05  1.08  0.16    14048    58.01   30.0     58.38 37.75     42.98     1.81
                  "Poggio Renatico"     "FE"    6.28    9.12    17.3    1.81   9.51   2.49    14.71    47.4      7.0   47.70  147.41     6.10     3.01    9.24  20.22    83.62 32.21 53.51      7.11  0.96  0.33    16406    60.42   20.5     38.35 17.76     44.88     6.12
                    "Portomaggiore"     "FE"    5.59    9.98    19.7    1.99  10.01   2.75    16.91    45.0      9.6   33.47  109.54     4.40     2.28    7.80  19.27    81.52 34.59 54.79      8.82  0.91  0.46    15950    59.79   25.9     41.84  9.73     40.06     5.07
                               "Ro"     "FE"    5.40    9.05    18.6    1.15  10.06   1.76    18.18    42.4     13.1   51.85  104.07     5.60     2.77    7.38  16.13    77.46 33.07 48.87      6.87  0.60  0.17    15278    55.64   16.4     37.87  9.94     49.07     4.31
                    "Sant'Agostino"     "FE"    7.03    9.46    17.8    1.75   9.97   3.01    12.37    48.1      5.8   60.20  131.41     6.67     3.21    8.09  27.24    88.98 32.24 57.02     12.35  1.10  0.51    17157    64.51   42.0     65.36 30.16     43.30     4.44
                       "Tresigallo"     "FE"    6.73   10.00    20.4    2.51  11.08   2.23    18.82    43.1     11.6   35.02  139.71     5.25     2.57   10.34  19.90    82.08 33.96 48.58      8.06  1.24  0.35    15966    57.13   29.6     56.33 29.53     44.48     5.93
                "Vigarano Mainarda"     "FE"    6.43    9.05    14.5    1.82  10.02   2.51    15.82    47.7      8.5   45.67  126.51     5.85     2.83   13.57  28.10    83.15 31.06 55.72      8.06  0.88  0.24    15923    60.48   21.5     39.18  3.81     49.69     5.79
                         "Voghiera"     "FE"    5.77    9.88    15.2    2.01   9.98   1.88    15.30    49.0      7.3   46.91  143.58     6.20     3.18   10.03  23.96    80.96 31.04 51.98      7.23  0.73  0.12    15191    57.49   14.4     24.02  0.00     47.33     4.30
                 "Bagno di Romagna"     "FO"    9.21    8.94    18.5    1.33   8.89   1.97    19.23    45.5      8.4   71.94  127.45     7.52     3.70    8.14  20.05    81.22 25.50 50.19      9.97  7.32  0.37    14906    56.80   38.8     46.75 28.21     35.42     3.17
             "Bellaria-Igea Marina"     "RN"    8.34    6.13    17.1    2.47   7.45   2.84    15.49    43.9     14.3   93.41  213.75     8.48     3.71    7.23  34.22    95.48 27.55 53.59      9.48  9.40  0.76    12857    59.89   37.1     20.20  2.50     20.73    12.87
                        "Bertinoro"     "FO"    8.59    8.28    18.0    1.10   7.81   2.51    15.99    46.9      7.6   65.75  163.74     6.47     3.07   11.27  27.50    85.75 26.79 58.03     13.35  2.23  0.27    15920    58.62   40.5     60.24 24.43     45.86     5.56
                           "Borghi"     "FO"    9.54    7.19    15.9    1.67   7.64   1.29    20.77    46.3     10.2  131.58  140.91     9.30     4.54    7.68  22.53    83.96 24.76 54.49     11.32  1.12  0.11    14132    50.42   19.6     30.97  0.00     45.60     3.38
"Castrocaro Terme e Terra del Sole"     "FO"    7.18   10.11    24.2    2.93   8.70   3.67    15.18    47.4      6.2   66.67  167.94     7.75     3.70   13.03  29.01    90.20 29.81 56.31     10.87  6.32  0.41    16690    59.22   37.9     47.45 16.02     33.86     6.92
                        "Cattolica"     "RN"    7.75    8.05    20.8    1.87   8.83   4.41    14.19    44.7     14.1   70.68  200.66     7.39     3.50    6.31  25.13    94.54 30.30 55.43     10.26  7.93  0.87    14887    60.71   37.3     23.14  9.72     19.56    10.09
                           "Cesena"     "FO"    7.40    7.29    17.1    1.69   8.22   5.77    13.89    47.9      9.6   73.77  148.87     7.15     3.32    8.75  30.77    93.29 28.93 57.12     12.66  0.97  1.48    18010    60.65   38.6     56.66 27.21     38.01     6.02
                       "Cesenatico"     "FO"    7.99    6.69    17.6    1.81   8.12   2.88    15.54    46.4     16.7   82.51  164.55     7.41     3.37    9.08  31.31    92.85 27.63 52.37      9.84  6.56  0.78    13168    59.61   33.9     26.67  5.26     27.54     5.78
             "Civitella di Romagna"     "FO"    7.99    9.32    23.1    1.03   9.74   1.85    23.74    44.6      9.3   58.06   95.08     6.35     3.23    7.18  15.99    74.86 28.77 53.10     12.90  1.32  0.50    14062    59.79   29.1     44.08 14.66     48.84     3.71
                          "Coriano"     "RN"   10.51    5.59    12.9    1.67   6.23   2.95    17.44    46.0      9.9  122.03  163.03     9.75     4.17   16.66  35.79    89.11 23.82 57.12     17.73  1.18  0.92    15150    52.11   58.0     65.07 18.89     43.79     9.81
                         "Dovadola"     "FO"    7.10   11.90    27.5    2.11  11.45   2.39    20.69    43.2      6.8   38.67  117.20     6.18     3.50    8.42  16.01    76.57 32.50 49.01     10.17  2.05  0.38    15667    56.81   30.5     49.06  0.00     49.62     4.58
                           "Forli'"     "FO"    6.88    9.08    21.1    2.30   8.88   6.56    12.65    46.2      8.4   64.58  101.65     6.54     3.12    9.37  28.88    92.17 30.98 63.75     19.13  0.96  1.46    19376    62.45   41.6     57.66 28.33     34.73     6.83
                     "Forlimpopoli"     "FO"    7.56    8.38    17.4    1.78   8.34   3.53    16.28    45.7      8.2   58.40  116.29     6.44     3.07    8.69  26.20    87.28 30.15 55.98      8.80  0.97  0.66    16597    60.80   29.7     47.98 24.79     43.74     3.13
                          "Galeata"     "FO"    8.31    9.57    22.4    1.43   9.16   2.51    17.22    42.8      8.8   57.14  130.63     6.56     3.41    8.16  18.85    78.15 30.49 50.20     14.76  0.89  0.31    15910    54.98   31.6     46.60 15.16     54.69     5.26
                       "Gambettola"     "FO"    9.89    4.69    10.4    1.46   6.28   1.61    15.10    49.7     10.1  133.15   92.75     8.84     3.67    5.92  36.41    94.60 26.74 54.94     10.84  0.59  0.41    14690    59.37   29.6     41.59 15.63     41.53     5.15
                           "Gatteo"     "FO"   10.10    5.43    15.2    1.79   7.14   1.96    17.51    50.1     11.9  124.44  133.42     9.53     4.09   10.86  32.58    92.07 25.24 54.64     13.56  3.50  1.02    13830    60.71   44.6     49.94 24.88     35.22     6.73
                          "Gemmano"     "RN"    9.49   10.38    21.6    2.87   9.29   1.51    22.44    37.9     15.4   37.14  110.85     4.28     2.22    5.00  19.17    59.72 24.11 49.01     12.12  2.08  0.10    11836    50.00   21.1     21.50  0.00     35.71     5.12
                         "Longiano"     "FO"    8.56    6.00    13.1    1.28   6.70   2.22    16.73    52.7      6.0  119.63  153.50     9.08     4.01   13.88  33.13    87.82 25.62 57.01     14.05  0.62  0.40    14509    53.78   53.1     67.60 34.36     45.60     6.78
                          "Meldola"     "FO"    7.28   10.43    21.4    1.48   9.61   3.14    19.34    45.7      8.9   51.50  143.33     6.33     3.12   10.96  19.84    83.92 30.37 54.61     11.23  1.25  0.42    16015    58.50   29.3     49.51  5.72     48.52     4.49
                 "Mercato Saraceno"     "FO"    9.93    8.23    18.1    0.98   8.94   2.06    18.73    44.9      9.4   88.02  144.36     9.31     4.38    9.22  22.24    80.63 24.74 50.32     11.59  1.17  0.38    14758    55.51   25.4     37.09  5.60     47.64     5.33
                 "Misano Adriatico"     "RN"    8.98    6.32    17.4    2.38   6.99   2.48    15.59    44.7     14.6   94.12  138.35     7.85     3.32    7.87  28.60    93.62 23.87 58.77      9.47  5.99  0.28    13673    57.32   31.1     21.71  5.24     33.99     8.77
                       "Modigliana"     "FO"    8.79    9.97    26.9    1.92   9.99   2.10    19.87    47.8      8.5   45.03  142.14     5.93     2.88   11.46  19.19    80.54 30.75 49.15      9.03  0.99  0.37    16954    62.99   41.2     64.48 46.31     47.17     4.94
                         "Mondaino"     "RN"    7.05   10.39    21.1    1.09   9.08   2.40    16.20    40.6      9.1   94.44  163.64     8.24     4.64    5.34  19.92    76.18 27.91 49.93      8.97  1.82  0.29    14402    58.94   31.6     29.89  0.00     51.24     5.73
                    "Monte Colombo"     "RN"    9.77    8.36    23.4    1.81   8.13   3.25    18.18    43.5     18.2  103.85  138.46    10.53     4.62   14.21  21.58    75.68 24.15 50.70     15.33  1.40  0.12    12744    48.71   23.2     37.78  0.00     44.44     7.77
                 "Montefiore Conca"     "RN"   10.81    9.28    21.5    1.97   8.90   3.11    23.66    39.4     11.6   70.91  142.69     8.26     4.04    9.32  18.28    76.05 26.57 52.32     10.00  1.02  0.06    13993    53.85   17.4     25.27  0.00     54.44     5.90
                    "Montegridolfo"     "RN"    9.73    8.24    18.6    0.69   8.12   2.25    22.32    44.7      9.0   76.67  163.27     8.77     4.21   13.68  24.43    84.04 27.46 55.72     16.13  1.37  0.00    13532    58.24   33.1     21.11  0.00     71.95     8.00
                       "Montescudo"     "RN"    8.96    8.77    22.6    0.92   8.47   3.16    22.35    41.3     11.7   72.13  290.65     9.00     4.66    8.39  16.95    78.60 25.52 52.52      7.74  0.98  0.31    13546    50.43   18.3     19.13  0.00     44.62     6.92
                         "Montiano"     "FO"    7.96    7.77    13.8    0.58   7.06   2.66    18.71    50.9      8.4  106.06  120.00     7.55     3.60    7.22  28.66    85.77 26.41 53.98      7.97  1.62  0.13    14316    51.00   14.0     17.51  0.00     50.63     4.85
              "Morciano di Romagna"     "RN"    9.96    6.35    20.6    1.95   7.63   4.00    14.35    44.0     11.4  105.15  142.93     8.95     3.99   12.52  32.10    92.35 26.90 54.84     11.06  1.13  2.01    15519    55.53   40.2     46.59 21.59     36.01     8.83
                     "Poggio Berni"     "RN"   11.79    5.71    11.8    1.83   6.23   1.57    17.86    45.4     11.2  115.69  167.42     7.80     3.27    7.24  30.09    87.89 23.89 54.88      8.25  1.11  0.16    15276    50.95   32.5     50.12  6.11     60.10     7.61
          "Portico e San Benedetto"     "FO"    7.04   15.22    37.4    1.14  13.87   3.71    20.84    39.1      7.1   28.57  113.33     4.83     2.92    1.24  15.35    64.11 30.95 45.13      4.00  2.28  0.41    14737    57.56   17.4     14.88  0.00     57.35     4.47
                        "Predappio"     "FO"    7.84    9.47    19.6    1.74   8.76   2.21    17.60    44.1      7.7   48.98  139.27     5.36     2.69    8.20  20.20    87.07 29.77 53.49      9.42  1.21  0.39    15921    55.80   30.9     48.32 11.81     54.75     4.38
                      "Premilcuore"     "FO"    6.20   13.56    31.7    0.42  13.67   2.15    24.24    40.9      7.2   27.27  103.03     4.21     2.74    7.81  17.38    62.47 33.65 53.42     13.33  6.94  0.42    15995    58.78   33.9     29.81  0.00     29.92     2.38
                         "Riccione"     "RN"    8.40    6.65    21.3    2.17   7.62   4.21    13.78    43.9     16.3  103.11  123.71     8.41     3.69   10.20  31.20    96.86 28.58 57.36     11.72  5.62  0.82    14811    58.05   34.4     35.58 13.85     25.69    11.42
                           "Rimini"     "RN"    7.93    7.07    20.2    1.91   7.75   6.40    11.96    43.9     12.9   86.48  135.90     8.41     3.80    8.15  29.22    95.72 28.54 56.82     14.38  3.31  1.27    17862    58.02   36.1     49.81 26.06     25.83     8.99
               "Rocca San Casciano"     "FO"    8.47   11.34    24.1    1.16   9.30   3.29    16.55    43.5      8.9   51.61  113.00     7.40     3.76   10.10  19.95    84.67 31.65 44.42      9.28  1.30  0.46    16272    60.11   37.8     54.66 20.34     50.00     5.20
                      "Roncofreddo"     "FO"    9.59    7.30    17.9    1.36   6.94   2.00    23.28    49.2      9.5  113.43  117.96    10.16     4.74   10.65  21.91    81.11 23.83 53.63      9.86  1.48  0.12    14302    49.94   20.9     52.21 22.46     56.49     2.44
                        "Saludecio"     "RN"    8.48    9.55    18.3    1.16   9.12   2.16    21.77    40.9     12.2   63.95  154.07     7.89     4.07    8.13  16.13    69.95 27.19 51.68      5.67  1.59  0.26    12653    55.77   19.8     35.43  0.00     53.09     4.92
                     "San Clemente"     "RN"    9.96    7.60    13.6    1.87   7.68   1.57    20.89    43.3     12.9  100.00  191.39     9.35     4.65    7.33  23.84    80.68 23.53 56.64      7.94  1.34  0.20    13070    52.58   36.1     47.36 11.14     54.76     6.75
        "San Giovanni in Marignano"     "RN"    9.20    6.73    14.8    1.22   7.24   2.73    16.25    43.9     12.3   73.40  137.97     6.38     3.00   11.67  27.43    90.01 25.68 55.22     10.97  0.97  0.19    14813    52.50   46.4     61.96 26.55     46.62     7.83
                "San Mauro Pascoli"     "FO"    9.63    6.20    13.4    1.55   6.71   1.85    17.15    49.6     11.3   99.03  161.22     8.51     3.70    8.67  37.03    95.06 24.73 53.22     12.59  2.14  0.53    14038    57.11   43.2     50.41 16.15     44.15     6.07
         "Santarcangelo di Romagna"     "RN"    8.84    7.01    15.2    1.50   7.85   2.85    16.67    45.6     10.4   90.12  146.07     8.97     4.02   13.24  29.80    93.08 27.20 55.43     10.88  1.10  0.46    15763    54.99   30.0     46.17 16.21     41.60     8.21
                      "Santa Sofia"     "FO"    8.24   11.57    25.0    0.85  11.64   3.25    20.19    40.0      7.0   46.39  131.33     6.05     3.32   11.06  19.44    81.43 30.93 50.84     13.70  2.10  0.52    16479    56.09   33.6     55.99 25.79     35.92     6.64
                          "Sarsina"     "FO"    9.80    8.42    19.8    1.02   8.88   2.51    21.27    45.0      9.5  100.00   97.24    10.41     5.11   10.17  19.89    73.04 24.03 51.28      9.43  1.33  0.56    14807    55.48   32.8     48.63 14.44     55.62     4.37
           "Savignano sul Rubicone"     "FO"    8.74    6.21    13.9    1.65   7.18   3.27    16.53    48.9     10.3  104.42  158.04     8.57     3.82   10.24  35.61    94.87 26.82 53.90     11.54  1.52  0.92    16224    58.09   36.9     46.55 16.25     44.04     4.40
             "Sogliano al Rubicone"     "FO"    8.64   10.04    23.2    1.32  10.49   2.16    23.15    43.8      9.5   58.77  137.36     7.78     4.04    4.77  14.51    70.98 25.44 51.80     13.33  1.36  0.14    13906    54.76   21.9     42.90  0.00     45.90     2.08
                         "Torriana"     "RN"    9.78    6.99    25.2    2.89   8.18   2.99    20.06    43.4      9.4   88.89  125.20     7.98     4.06    5.49  18.96    81.04 25.85 58.18     22.67  4.19  0.30    14368    51.00   48.0     62.16  0.00     37.11     6.64
                         "Tredozio"     "FO"    6.53   10.94    28.3    1.10  10.87   1.86    19.38    45.0      6.7   23.88  119.05     3.67     1.96    5.32  14.18    78.01 31.98 47.73     10.14  2.06  0.34    14797    57.29   26.3     42.04  0.00     54.95     5.88
                       "Verghereto"     "FO"    8.34   11.34    25.3    0.83  10.64   1.68    26.28    41.5      7.6   48.48   88.57     6.95     3.94    3.71  17.03    59.79 28.06 44.31      9.13  3.21  0.26    13237    60.95   24.7     24.43  0.00     54.83     3.35
                        "Verucchio"     "RN"   10.87    5.50    13.3    1.46   5.83   2.32    14.57    45.6     10.3  123.53  175.71     9.45     4.08   11.96  28.32    94.02 24.08 50.96     12.29  1.66  0.39    16121    51.80   37.5     63.20 29.78     46.62     5.19
                        "Bastiglia"     "MO"    9.53    6.41    14.9    2.02   7.78   2.26    13.94    51.2      5.7   88.89  194.14     8.20     3.89   14.68  31.74    87.45 29.70 58.35     10.00  1.41  0.44    18306    61.64   39.8     48.18  7.07     50.97     7.07
                         "Bomporto"     "MO"    9.31    6.69    14.0    1.57   7.38   1.98    14.57    50.3      5.4  101.99  149.10     8.85     4.17   10.29  29.37    85.08 29.39 57.16     17.56  1.24  0.50    17820    60.61   46.7     51.72 14.88     55.70     7.17
                    "Campogalliano"     "MO"    8.33    7.00    16.1    2.08   8.02   2.45    11.56    52.2      3.1   91.46  166.89     8.94     3.93   13.52  32.59    88.83 28.83 61.26     12.64  2.03  0.57    19667    63.09   62.0     68.61 26.54     40.00     5.50
                       "Camposanto"     "MO"    8.40    8.30    16.7    1.58   8.81   2.25    14.41    49.1      6.4   75.00  130.74     8.23     4.10    9.34  30.83    84.30 31.78 54.68      8.11  1.92  0.48    17750    62.19   44.2     61.34 26.32     52.05     3.71
                            "Carpi"     "MO"    7.04    7.59    19.0    2.26   8.65   3.76    11.87    51.7      4.8   73.95  103.38     7.12     3.20    7.74  27.84    93.79 32.71 63.13     19.35  1.12  1.35    20074    66.72   49.7     50.13 18.86     45.18     8.37
              "Castelfranco Emilia"     "MO"    6.97    8.51    17.0    2.17   8.73   2.95    13.86    50.6      5.6   68.10  165.22     6.97     3.34   11.06  25.68    89.13 30.96 58.82      9.08  1.28  0.64    18425    64.58   30.3     42.65 11.93     45.07     5.86
              "Castelnuovo Rangone"     "MO"    7.44    7.19    15.3    1.38   7.43   4.31    11.53    50.9      4.6   88.93  192.45     7.75     3.49   13.72  35.24    92.95 28.65 62.82     16.19  0.90  0.44    21149    64.08   33.5     45.82 14.57     44.19     8.69
            "Castelvetro di Modena"     "MO"    8.64    7.90    17.8    2.35   7.68   2.32    13.59    50.7      5.6  111.42  156.05    10.06     4.55   11.03  28.39    84.34 25.15 62.96     12.99  2.25  0.92    19333    60.59   67.2     72.27 53.29     42.27     5.52
                          "Cavezzo"     "MO"    7.26    9.67    17.8    1.92   9.24   2.45    15.07    50.7      4.0   65.46  145.37     6.67     3.16    7.22  27.51    82.70 31.38 54.76     14.20  1.21  0.41    17236    64.54   37.6     38.92 12.23     52.83     6.89
          "Concordia sulla Secchia"     "MO"    6.90    9.82    16.5    1.53  10.65   2.36    15.73    49.3      5.9   54.43  127.53     6.71     3.36    6.97  28.95    75.74 31.72 52.66     13.23  1.01  0.34    16071    65.29   39.7     42.95 17.67     50.93     5.43
                           "Fanano"     "MO"    6.28   14.39    33.7    2.56  13.44   2.16    17.50    40.3      6.1   40.26  129.61     7.05     4.07    6.74  14.29    67.78 29.95 49.15     16.47  3.68  0.55    14084    64.32   35.6     37.84  9.96     41.74     4.63
                    "Finale Emilia"     "MO"    7.45    7.92    19.4    2.39   9.77   3.06    14.55    46.3      8.7   57.17  121.86     6.80     3.24    6.69  25.79    85.20 31.99 53.68      8.89  1.27  0.53    16763    64.24   38.3     57.36 30.15     41.62     5.17
                 "Fiorano Modenese"     "MO"   10.76    3.98    12.8    2.21   5.23   1.77    14.39    52.3      6.6  153.87   94.27     9.31     3.79    8.89  17.75    92.39 27.37 64.91     15.13  1.21  0.43    20443    61.58   85.3     80.41 49.95     42.81     1.45
                         "Fiumalbo"     "MO"    7.46   12.55    30.5    0.90  10.75   2.43    10.69    40.3     10.4   46.88   64.81     6.44     3.41    4.51  13.36    66.28 26.83 50.97      3.95  4.18  0.39    12740    56.82   27.3     11.79  0.00     43.09     4.79
                        "Formigine"     "MO"   10.27    5.40    14.9    2.02   6.86   3.75    11.75    49.9      4.8  127.47  147.43    10.32     4.38   18.03  33.21    90.60 26.31 60.46     12.48  1.16  0.46    21345    59.92   32.2     52.27 19.66     41.88     6.49
                       "Frassinoro"     "MO"    6.62   15.67    35.8    1.01  13.69   1.37    16.74    36.5      8.5   35.88  105.26     6.33     4.33    3.89  13.57    52.37 30.37 49.31      6.31  2.54  0.32    13854    64.54   25.8     31.09  0.00     31.96     7.93
                          "Guiglia"     "MO"    7.20   11.70    27.8    1.99  10.28   2.38    15.96    45.8      4.9   54.62  229.77     7.32     4.15    5.65  20.96    74.08 32.18 57.64      7.96  2.87  0.30    15229    61.39   22.2     21.12  0.00     48.82     4.08
                     "Lama Mocogno"     "MO"    5.86   14.12    28.5    1.02  11.29   2.37    16.55    42.1      6.0   31.97  145.57     5.16     3.08    5.00  14.66    69.62 31.26 52.42     10.91  2.60  0.30    13863    60.25   23.2     17.45  0.00     39.94     5.80
                        "Maranello"     "MO"    9.77    5.21    13.9    2.49   6.48   2.28    13.94    52.4      6.2  110.70  122.83     9.47     3.91   10.71  24.99    92.20 28.58 62.19     11.02  1.50  0.51    20053    61.11   45.7     65.28 47.11     44.79     4.43
                "Marano sul Panaro"     "MO"    7.06    8.16    21.8    1.86   8.89   2.39    14.97    47.2      4.8   67.02  145.95     6.42     3.11   10.73  27.41    77.87 30.26 60.67     10.43  2.17  0.52    16595    60.91   34.1     39.78  6.09     55.63     3.86
                          "Medolla"     "MO"    8.12    7.86    15.3    1.46   8.79   2.50    14.26    50.5      3.7   78.47  107.26     6.87     3.19    6.58  31.30    86.11 32.59 54.06     11.34  1.19  0.33    18361    65.83   53.1     63.74 38.26     48.02     6.22
                        "Mirandola"     "MO"    6.98    9.01    19.7    2.65   9.41   3.63    12.75    48.5      4.9   63.19  120.99     7.10     3.49    8.85  25.23    85.33 33.47 55.77     14.62  0.98  1.20    18943    65.12   47.2     60.81 34.26     39.35     5.98
                           "Modena"     "MO"    7.07    8.04    24.1    3.42   8.89   8.75     8.82    47.8      6.2   71.27  104.27     7.61     3.56    7.80  21.74    91.59 32.67 66.17     22.14  1.82  2.36    22948    64.43   50.8     63.04 36.07     32.64     7.90
                       "Montecreto"     "MO"    6.62   13.34    26.3    1.82  11.52   1.81    21.13    41.6     10.6   28.89   73.68     4.16     2.59    6.67  10.80    68.97 31.77 50.10      6.52  3.45  0.29    12068    69.10   28.9     19.93  0.00     44.92     4.33
                     "Montefiorino"     "MO"    6.09   14.62    28.7    1.20  12.22   1.97    21.67    37.9      6.3   32.39  118.18     6.58     4.42    6.73  18.24    71.66 32.42 54.29      7.56  1.37  0.43    15383    64.62   31.3     43.90 10.29     42.52     3.86
                          "Montese"     "MO"    5.65   12.57    30.9    1.77  10.42   1.41    22.86    46.0      4.7   37.75  134.97     6.00     3.50    6.20  14.84    64.58 30.00 51.31      7.78  1.71  0.32    13452    64.38   27.0     22.66  7.59     51.85     5.04
                        "Nonantola"     "MO"    7.91    7.49    14.9    1.64   7.88   2.43    14.26    50.7      4.8   87.01  198.02     8.12     3.73   12.88  28.37    85.83 30.50 57.69     10.29  0.99  0.45    17982    63.10   29.6     44.39 13.37     54.02     5.02
                   "Novi di Modena"     "MO"    7.74    8.68    16.0    1.96   8.93   1.85    16.08    49.4      5.9   71.57  110.50     7.40     3.46    7.58  29.99    86.53 29.86 52.11      9.77  0.66  0.36    16282    64.68   34.0     38.91  2.10     61.79     3.96
                         "Palagano"     "MO"    6.89   14.07    32.4    1.30  11.72   2.08    20.87    38.8      2.3   42.73  182.64     6.58     4.25    5.84  19.82    68.11 30.37 52.54     11.72  1.13  0.29    14200    66.11   26.5     26.15  0.00     49.79     3.62
             "Pavullo nel Frignano"     "MO"    8.05    9.18    22.4    2.21   8.61   3.81    14.91    45.9      8.4   82.97  151.65     9.47     4.62    9.41  18.92    81.74 27.22 56.23     11.54  2.06  0.51    16924    59.22   33.9     44.47 19.97     36.97     6.74
                      "Pievepelago"     "MO"    7.25   13.34    25.7    1.07  11.11   2.18    10.13    43.2      7.8   37.17  162.20     6.51     3.54    6.02  14.10    64.94 31.88 54.79      8.82  4.14  0.37    14211    63.99   40.8     36.29  9.78     35.40     5.66
                         "Polinago"     "MO"    5.45   14.51    33.7    1.64  12.44   1.00    19.59    40.3      5.8   22.34  121.38     3.71     2.42    7.14  11.45    53.08 27.63 52.20      8.80  1.06  0.21    14192    62.31   21.8     32.77  0.00     42.57     2.83
           "Prignano sulla Secchia"     "MO"    9.10    8.72    23.2    0.90   8.23   1.58    21.86    46.7      3.6   77.19  169.05     9.43     5.15    9.29  14.25    62.49 25.12 58.96      6.44  1.06  0.10    15555    60.08   16.9     24.57  0.00     54.71     4.57
                         "Ravarino"     "MO"    8.83    9.02    16.7    1.87   8.99   2.32    15.91    49.9      4.9   69.51  195.99     8.67     4.25   11.55  32.12    85.85 31.00 54.85     11.38  0.94  0.37    17499    62.04   33.5     50.58 19.97     52.40     5.26
                        "Riolunato"     "MO"    6.21   15.53    27.8    0.48  11.71   1.66    16.09    40.3      7.4   51.28  111.36     7.96     4.60    3.43  13.71    52.96 31.30 55.08     10.42  5.38  0.36    14795    62.37   24.1      4.95  0.00     36.59     6.06
           "San Cesario sul Panaro"     "MO"    7.85    8.60    13.9    1.83   8.02   2.43    13.26    49.7      4.8   76.09  110.08     6.75     3.21   10.28  29.47    89.10 28.35 58.33     11.50  1.62  0.17    17931    63.36   41.0     58.32 13.86     45.71     4.83
            "San Felice sul Panaro"     "MO"    8.23    8.36    16.2    1.93   8.86   3.15    14.02    46.2      7.0   65.71  125.89     8.13     3.94    8.45  24.74    86.25 31.86 52.97      9.69  0.85  0.91    17226    64.08   35.3     59.82 31.28     51.35     5.04
                   "San Possidonio"     "MO"    8.09    7.91    19.5    2.07   8.98   1.98    15.19    49.7      5.7   81.13  119.77     8.59     4.15   11.11  28.94    76.40 30.58 53.31     10.46  0.57  0.36    15336    63.19   34.0     43.79  7.31     58.04     5.87
                     "San Prospero"     "MO"    9.49    6.65    12.4    1.45   7.28   2.57    14.32    50.6      4.8  107.22  135.48     8.64     3.90    6.60  27.82    81.35 28.53 56.92     10.82  1.15  0.47    17445    62.27   35.2     44.70  6.58     58.02     5.81
                         "Sassuolo"     "MO"    9.20    5.30    16.8    1.96   6.90   3.32    12.47    48.2      6.8  106.69  103.70     8.44     3.67    7.80  21.80    90.24 28.85 63.73     15.83  1.21  1.08    22105    63.40   46.1     56.81 28.20     34.62     6.13
             "Savignano sul Panaro"     "MO"    7.32    6.58    15.4    2.28   7.50   1.98    15.24    51.3      4.7   79.28  134.93     7.56     3.36    8.42  25.38    87.83 28.82 59.75     12.66  1.24  0.28    17876    63.63   35.5     46.84 19.68     52.77     4.98
                     "Serramazzoni"     "MO"    7.57    9.65    25.6    1.90   9.16   2.38    13.93    46.3      6.9   66.67  155.04     8.47     4.34    8.36  19.09    71.50 28.83 56.78     10.52  2.82  0.35    15862    60.61   28.5     27.94 10.09     42.58     8.38
                          "Sestola"     "MO"    6.46   11.43    26.5    1.78  10.70   2.12    16.87    43.6      6.7   51.72  155.73     7.26     3.92    9.03  14.76    76.48 30.19 54.61      8.18  6.17  0.51    13787    64.73   31.9     25.26  0.00     36.33     5.35
                          "Soliera"     "MO"    7.80    7.09    14.4    1.85   7.98   2.07    13.94    53.2      3.3   85.45  155.09     8.25     3.70   12.23  30.51    90.03 29.39 58.94     16.41  1.00  0.50    17764    64.87   50.1     55.37 22.11     55.90     1.85
                      "Spilamberto"     "MO"    7.18    8.34    17.0    2.65   8.70   2.27    13.36    49.4      5.8   66.46  114.76     6.69     3.13    9.12  26.54    83.80 30.24 61.13     12.61  1.08  0.47    18540    63.09   38.3     53.48 24.28     48.44     5.25
                          "Vignola"     "MO"    6.74    8.30    19.8    2.58   8.94   4.15    12.62    48.8      5.9   65.70  114.46     6.72     3.16    8.38  27.80    88.69 32.77 62.93     15.81  1.33  1.40    19098    64.42   40.2     51.39 20.85     38.68     6.68
                            "Zocca"     "MO"    6.79   11.65    34.8    2.44  10.16   2.48    19.96    44.9      5.8   59.20  168.13     8.15     4.57    4.62  19.90    68.93 31.50 55.04      9.98  2.80  0.45    14628    61.93   28.5     22.02  0.00     47.19     7.63
                         "Albareto"     "PR"    6.70   16.41    33.5    1.36  11.29   1.81    23.46    36.2      7.2   29.84  160.68     5.40     3.10    5.33  11.70    52.87 29.06 51.29      6.48  1.53  0.22    13579    57.68   14.9     16.47  0.00     51.92     3.39
                            "Bardi"     "PR"    6.42   18.66    34.9    1.03  14.32   1.59    22.66    35.3      7.8   23.50   78.65     4.62     3.14    5.18  11.62    44.23 29.24 46.04      9.62  1.92  0.44    11844    59.24   19.3     15.57  0.00     47.51     2.88
                          "Bedonia"     "PR"    6.23   13.84    33.7    1.64  12.31   1.47    15.45    38.2     10.7   29.13  108.88     5.03     2.90    6.78   9.90    47.64 26.67 48.12      9.98  2.39  0.43    13628    55.80   27.7     40.52  4.96     47.45     7.44
                          "Berceto"     "PR"    5.46   16.75    36.3    1.31  13.18   1.71    15.31    37.5      6.5   27.21  150.82     4.86     3.07    5.65  11.98    56.37 31.35 47.74      7.32  3.61  0.25    15304    60.23   29.7     31.41  0.00     39.72     7.49
                             "Bore"     "PR"    2.18   15.06    40.9    1.14  16.86   0.46    19.48    37.6      9.1   16.67  153.13     4.10     3.12    3.09  17.70    43.62 31.53 48.20      4.55  1.80  0.47    12904    68.37   15.2     14.38  0.00     28.21     4.77
                "Borgo Val di Taro"     "PR"    6.56   13.52    27.4    1.84  11.43   4.43    14.37    40.0      8.1   37.77  224.30     5.79     3.12   12.67  14.97    73.95 32.22 47.92      7.77  1.88  0.56    16630    60.17   32.2     47.90 17.57     38.27     6.25
                          "Busseto"     "PR"    6.85   11.63    21.8    1.92  10.02   3.20    11.77    44.3      5.8   43.16  116.71     5.84     2.96    8.96  24.87    72.76 32.47 53.64     16.00  1.32  0.63    17654    62.31   30.8     43.41 10.78     40.31     7.39
                        "Calestano"     "PR"    7.13   12.64    30.1    1.28  12.08   2.81    19.18    42.1      6.3   44.32  129.69     7.24     4.21    0.97  15.88    61.88 32.85 55.35     19.25  1.56  0.56    17076    62.53   27.8     29.80 12.00     45.35     7.24
                       "Collecchio"     "PR"    7.36    8.83    18.4    1.71   8.95   3.41    11.92    46.6      4.6   73.22  154.28     7.66     3.63   11.51  24.68    85.57 31.23 60.94     13.39  2.67  0.71    21883    62.34   62.4     67.98 39.38     38.65     6.37
                          "Colorno"     "PR"    8.20    9.64    22.2    1.87   9.33   3.06    12.99    44.6      5.4   56.86  181.94     7.56     3.75   11.37  24.60    84.21 29.48 52.86     11.49  1.08  0.71    19427    60.00   33.3     54.61 27.57     35.14     7.41
                         "Compiano"     "PR"    6.39   15.74    43.1    0.46  12.04   1.84    22.58    35.7     13.2   26.87  122.58     5.56     3.30    9.33  21.03    65.48 27.22 48.80      7.09  1.57  0.00    14435    51.67   25.5     28.00  0.00     43.30     9.55
                        "Corniglio"     "PR"    5.10   16.98    33.3    1.19  14.83   1.42    12.26    36.7      6.1   23.57  110.49     4.73     3.42    3.28  15.07    46.81 37.79 51.67      8.08  2.68  0.23    14152    67.27   23.7     18.45  0.00     35.24     6.18
                           "Felino"     "PR"    8.03    8.15    18.8    1.67   7.52   3.41    11.31    48.0      3.7   85.79  146.65     8.24     3.88   14.52  30.42    85.65 28.64 59.46     14.03  0.72  0.24    20567    61.72   32.1     44.34 13.67     45.45     7.91
                          "Fidenza"     "PR"    6.92    9.95    21.6    1.91  10.03   4.72    11.36    43.5      5.7   55.26  139.22     6.80     3.47   11.13  20.72    82.75 33.94 52.43     12.14  1.20  0.99    19172    63.32   39.1     57.70 31.22     34.00     6.18
                     "Fontanellato"     "PR"    7.42   10.97    19.0    1.42   9.59   2.60    15.27    45.8      5.8   47.44  126.00     6.06     3.09   12.95  25.13    67.76 29.86 58.19     14.27  1.34  0.39    18040    61.47   40.6     51.47 22.99     40.98     6.75
                        "Fontevivo"     "PR"    8.30    8.26    17.9    1.43   8.41   2.00    14.55    48.7      3.9   77.08   95.18     8.15     3.88   15.18  23.70    79.84 32.63 59.62     15.18  0.97  0.37    19395    62.99   51.7     53.45 23.57     42.12     4.05
                  "Fornovo di Taro"     "PR"    6.87   10.18    24.4    1.69   9.70   2.44    12.19    45.0      5.6   45.30  127.45     5.98     3.04   11.22  15.12    80.85 33.02 58.60     10.22  2.05  0.86    19897    61.21   41.1     46.13 11.17     39.17     5.36
                       "Langhirano"     "PR"    7.42    9.52    20.9    1.98   9.68   2.86    11.81    46.7      5.0   67.27  204.75     8.19     4.06   10.59  22.30    83.27 31.52 60.44     19.04  1.62  1.16    20303    63.66   54.2     46.00  5.34     34.22     9.15
              "Lesignano de' Bagni"     "PR"    8.79    7.42    19.8    1.91   7.18   3.46    13.11    46.5      5.1   80.56  166.89     9.73     4.69   12.03  26.68    80.13 26.52 58.27     13.17  1.07  0.20    18146    61.20   32.2     41.02  0.00     46.99     8.60
                         "Medesano"     "PR"    8.23    8.79    20.2    1.33   8.83   2.64    15.04    45.4      4.5   53.24  200.95     6.57     3.20   12.63  17.76    79.62 29.86 57.21     13.06  2.12  0.24    18570    60.41   32.2     45.91 17.14     46.76     7.36
                          "Mezzani"     "PR"    7.63   10.51    24.4    2.12  10.47   1.67    15.23    45.1      7.3   45.61  146.35     6.93     3.74    4.76  25.65    70.89 31.16 55.01      7.87  0.64  0.12    15570    64.88   23.2     40.79 11.70     53.93     2.27
              "Monchio delle Corti"     "PR"    5.24   14.43    43.4    1.29  15.38   1.70     6.84    33.5     10.0   22.34   79.86     4.77     3.33    4.83  13.18    52.71 28.59 43.57      9.33  3.47  0.34    15024    58.95   18.7     13.50  0.00     41.73     5.04
                  "Montechiarugolo"     "PR"    7.70    8.53    18.5    2.01   8.35   3.84    12.41    48.0      4.4   64.48  137.58     6.69     3.16   10.71  27.72    89.25 28.03 59.58     12.94  2.02  0.34    19706    61.89   28.2     36.90 11.69     47.12     7.28
            "Neviano degli Arduini"     "PR"    6.23   14.73    31.9    1.30  12.98   1.48    15.53    41.0      3.8   30.23  185.07     4.80     3.33    4.30  21.69    55.05 33.31 55.26     10.00  1.05  0.19    14445    62.60   23.3     17.44  0.00     45.07     5.71
                           "Noceto"     "PR"    8.34    9.63    19.4    1.62   9.55   3.73    13.27    46.0      5.2   58.56  119.06     7.21     3.54   13.05  21.89    78.09 29.41 54.64     13.75  1.47  0.41    19667    60.86   33.4     49.23 22.22     39.90     7.04
                        "Palanzano"     "PR"    5.15   16.41    39.0    0.84  14.29   1.47    18.03    37.3      6.2   49.25   89.92     7.08     4.87    7.40  17.88    47.07 31.40 55.34     17.39  1.54  0.26    17430    58.37   25.7     33.00  0.00     40.97     6.57
                            "Parma"     "PR"    6.49    8.98    25.2    3.03   9.69   9.40     8.55    46.2      5.6   56.84  105.42     6.42     3.11    8.84  19.00    87.86 32.34 62.22     20.14  1.48  2.42    24095    63.88   50.4     63.48 38.66     28.23     7.83
              "Pellegrino Parmense"     "PR"    6.95   13.96    31.7    1.36  11.31   1.85    14.72    41.5      4.6   23.68  114.66     4.09     2.67    5.87  14.43    45.97 32.08 56.34      6.67  2.79  0.41    12239    62.06   20.4     11.67  0.00     39.53     4.38
                "Polesine Parmense"     "PR"    8.21   13.68    22.7    1.60  12.14   2.12    16.15    40.5      8.1   51.52  108.80     7.56     4.34    1.95  30.14    56.38 32.22 53.97     12.82  1.53  0.40    17043    65.11   33.6     41.75  0.00     51.94     6.84
                      "Roccabianca"     "PR"    6.51   11.84    21.2    1.35  11.87   2.53    12.29    42.1      5.6   36.59  130.69     6.14     3.32    3.21  27.30    66.86 29.98 52.16     17.54  0.64  0.55    16651    60.72   25.8     29.93  0.00     50.00     7.15
                     "Sala Baganza"     "PR"    7.41    8.84    21.1    2.19   8.72   3.89    10.83    48.0      4.2   82.95  153.91     8.50     3.93   13.46  27.50    85.37 30.35 59.79     19.00  1.31  0.76    22284    58.19   57.2     57.62 18.44     45.72     7.47
              "Salsomaggiore Terme"     "PR"    6.57   10.29    25.7    2.72  11.09   4.28    11.13    45.1      5.4   49.70  193.52     6.34     3.35    9.82  19.51    84.02 34.88 56.26      9.94  9.80  0.45    18213    67.84   38.5     38.05 18.34     24.39     7.47
             "San Secondo Parmense"     "PR"    7.28   10.63    20.8    1.34   9.35   2.95    11.99    43.5      5.4   65.36  133.13     8.18     4.22    8.86  27.13    79.15 30.43 52.59     13.96  0.69  0.48    17547    61.31   28.0     40.09 19.82     35.65     5.47
                            "Sissa"     "PR"    7.29   13.06    22.3    1.09  11.14   2.30    14.34    43.1      5.0   42.68  144.54     6.21     3.46    9.31  30.85    74.52 31.17 57.55     10.81  0.93  0.32    17001    62.82   26.6     30.94  8.38     46.59     5.91
                        "Solignano"     "PR"    7.27   11.42    24.8    1.80   9.29   1.39    27.49    41.6      7.1   44.58  147.06     6.74     3.71    9.50  12.40    60.06 28.69 53.93     11.11  1.80  0.44    17719    61.09   58.5     72.36 50.51     29.29     4.95
                          "Soragna"     "PR"    8.22   11.63    19.7    1.30   9.92   2.54    13.82    45.1      4.9   63.07  143.46     8.89     4.58   12.53  27.69    78.06 29.81 53.88     13.09  0.96  0.46    16544    59.00   30.1     50.60 13.71     44.62     3.48
                          "Sorbolo"     "PR"    7.84    8.29    15.6    1.47   9.11   2.83    11.34    48.4      4.4   79.20  146.61     7.97     3.74   13.81  27.97    89.72 29.41 57.22     12.35  0.95  0.44    19887    63.30   30.9     46.35 12.87     44.03     6.35
                          "Terenzo"     "PR"    5.31   15.31    37.3    0.99  12.05   0.38    13.30    37.3      5.5   43.75  123.58     7.08     4.91    3.68  15.89    50.67 28.66 50.95      9.04  1.97  0.08    14559    61.94   19.0     35.60  0.00     36.00     4.56
                "Tizzano Val Parma"     "PR"    5.26   16.51    37.8    1.71  13.18   1.54    13.27    40.2      5.9   29.69  138.03     5.55     3.60    3.05  20.06    58.70 35.35 58.65      9.68  1.93  0.31    14564    63.69   28.8     16.26  0.00     49.80     8.22
                          "Tornolo"     "PR"    6.33   16.87    39.2    1.21  12.46   1.38    10.59    35.0     12.2   24.18  105.05     4.69     3.17    5.75   7.47    41.38 23.19 42.04      8.33  1.92  0.19    13359    53.29   24.1     33.95  0.00     43.07     1.59
                          "Torrile"     "PR"   10.02    5.82    17.2    1.88   6.29   2.32    11.77    50.3      5.0  114.63  162.77     9.73     4.31   19.31  25.66    86.61 25.01 61.46     14.93  0.85  0.21    18768    58.99   47.6     64.58 17.25     45.19     5.80
                     "Traversetolo"     "PR"    7.95    9.59    21.7    2.02   9.24   3.97    11.80    45.9      5.6   83.26  189.44     9.38     4.49    8.76  25.23    83.80 29.19 57.49     14.58  0.90  0.55    18517    61.27   31.5     27.62  2.54     39.70     9.28
                        "Trecasali"     "PR"    8.77    8.81    18.1    1.46   9.69   3.47    12.39    45.8      5.1   66.67  194.74     8.53     4.15   14.30  28.19    75.25 27.81 58.30     15.82  0.69  0.29    16925    61.51   31.1     58.99 21.27     41.71     8.33
                       "Valmozzola"     "PR"    4.86   22.51    41.1    1.07  13.63   1.31    24.39    30.3      4.3   20.00   80.00     4.74     3.92    6.80   7.81    38.54 31.16 55.81     10.85  1.66  0.12    13264    55.57   15.3     17.05  0.00     36.92     0.79
              "Varano de' Melegari"     "PR"    6.41   12.92    27.1    1.45  10.65   2.85    15.40    43.9      4.8   29.70  174.40     4.82     2.60    6.53  15.48    57.68 30.89 55.47      8.33  1.49  0.24    18319    62.89   28.2     30.77  9.23     52.53     4.20
                            "Varsi"     "PR"    5.93   17.73    37.3    0.72  13.34   0.84    19.06    36.5      3.9   19.47  107.55     3.75     2.58    2.02  14.74    46.46 31.32 46.86      7.08  1.53  0.20    13478    63.52   16.2     19.56  0.00     42.55     3.70
                          "Zibello"     "PR"    6.06   13.94    21.0    1.31  12.62   3.28     9.74    41.9      4.9   38.33  106.15     6.94     3.80    6.23  30.88    64.88 30.14 52.53     11.76  0.95  0.45    17155    64.03   30.9     30.75  0.00     50.00     8.28
                         "Agazzano"     "PC"    6.04   14.45    25.6    0.95  10.72   0.91    16.32    40.2      4.2   31.07  161.40     5.61     3.41    9.57  20.03    77.17 32.21 52.08     12.35  1.16  0.47    16754    62.27   24.1     42.79 29.69     36.43     9.33
                           "Alseno"     "PC"    7.99    8.10    21.6    1.88   8.43   1.09    13.96    44.4      6.4   66.67  105.60     7.30     3.42   11.72  16.71    72.51 31.17 55.28     11.55  1.51  0.22    16754    59.79   33.9     50.36 25.60     45.33     6.14
                        "Besenzone"     "PC"    6.49    9.84    18.3    1.43   9.46   0.88     8.94    46.3      7.0   55.26   78.13     6.69     3.45    4.10  21.31    61.20 29.23 55.87      5.56  0.86  0.00    14987    57.98   12.2      8.59  0.00     57.58     6.79
                          "Bettola"     "PC"    5.53   13.09    30.0    1.45  10.17   0.69    14.12    39.5      7.6   35.10  146.53     5.12     3.18    4.65  10.06    57.74 27.95 52.40     10.00  1.42  0.55    14213    64.28   24.8     34.85  0.00     38.58     5.37
                           "Bobbio"     "PC"    5.09   16.24    34.3    1.34  11.97   0.48    11.99    37.7      7.5   31.08  200.00     5.95     3.85    8.79  15.14    60.63 31.19 50.14     11.11  2.51  0.62    16438    56.92   28.0     30.35 12.73     33.86     6.35
             "Borgonovo Val Tidone"     "PC"    7.09   11.53    24.5    1.63   8.81   1.10    11.03    41.1      7.2   35.01  197.95     6.00     3.10    9.35  13.56    77.80 31.77 49.81      8.63  0.96  0.20    17108    58.55   29.2     54.93 27.96     38.16     5.34
                            "Cadeo"     "PC"    9.36    6.80    18.5    1.83   7.19   0.85    11.42    45.0      6.0   78.89  103.73     8.77     3.88   14.13  20.64    82.61 29.52 54.95     13.27  1.17  0.20    19227    57.26   28.3     46.07 25.65     44.44     6.12
                       "Calendasco"     "PC"    5.16    8.62    29.5    1.47  10.51   0.54    10.33    44.7      8.1   52.75  149.48     7.37     3.76    5.84  12.22    73.24 29.86 62.76      9.72  1.01  0.14    17442    63.96   50.8     54.22  4.62     51.50     5.26
                         "Caminata"     "PC"    4.08   19.44    33.1    1.25  10.66   2.94     5.43    35.1      9.8   18.75  205.88     3.13     2.04    2.70  13.51    81.76 36.99 47.65      0.00  0.63  0.00    13035    63.32   11.6      0.00  0.00     31.58     2.78
                           "Caorso"     "PC"    6.58   10.51    23.4    1.19   9.99   0.96    11.88    42.4      6.7   56.44  134.73     6.89     3.48    8.21  17.48    79.77 31.52 53.50     10.56  1.03  0.38    17183    60.17   37.6     61.92 34.85     38.60     3.41
             "Carpaneto Piacentino"     "PC"    7.30    9.33    22.5    1.42   8.33   0.87    11.05    45.3      6.3   56.41  219.41     7.09     3.50   12.78  10.26    75.21 31.15 54.21     13.64  1.34  0.42    16356    59.73   31.4     43.00 14.67     36.27     6.34
                  "Castell'Arquato"     "PC"    7.01    9.81    23.9    1.70   9.13   1.25    10.43    42.2      6.1   52.25  170.32     7.04     3.67    9.46   7.91    70.43 30.85 52.64     11.61  2.20  0.14    16626    59.32   23.9     34.00  5.32     45.73     8.57
              "Castel San Giovanni"     "PC"    6.96    9.70    22.3    1.41   9.65   1.21     9.83    42.6      7.9   53.46  129.97     7.24     3.53    7.33  12.04    81.70 31.70 53.29     13.25  1.10  0.89    18748    60.42   35.3     50.72 23.54     38.03     5.56
           "Castelvetro Piacentino"     "PC"    7.41   10.65    22.7    1.74  11.20   2.49    14.58    42.8      5.8   39.13  133.70     5.54     2.75    9.59  23.86    78.51 32.77 52.67     13.49  1.56  0.31    18280    60.55   25.2     36.30  0.00     36.01     4.37
                        "Cerignale"     "PC"    2.52   27.76    52.2    0.95  14.20   0.70     9.58    34.1     11.1    0.00  114.29     0.00     0.00   17.03   4.40    30.77 30.28 45.43      5.88  2.21  0.00    16133    49.84   14.2      0.00  0.00      8.00     3.85
                             "Coli"     "PC"    3.62   14.74    37.4    0.93  11.54   1.09    13.28    33.4      7.6   21.28  122.52     2.81     2.08    9.40  10.28    40.78 28.73 50.21     12.75  2.70  0.08    14934    57.62   20.4      8.26  0.00     33.33     3.68
                "Corte Brugnatella"     "PC"    5.36   14.88    33.3    0.98  11.38   0.80     9.18    35.0     11.3   40.54  134.55     5.47     3.91    7.89   9.92    48.09 28.34 47.70      5.95  1.75  0.00    14619    55.36   14.2      7.69  0.00     36.11     3.05
                    "Cortemaggiore"     "PC"    6.47    8.97    21.1    1.85  10.15   1.27     9.76    45.4      6.4   54.60  115.16     6.62     3.29    7.18  14.24    74.96 32.18 59.50     13.13  1.21  0.33    18068    60.83   35.5     57.35 35.87     46.40     5.67
                           "Farini"     "PC"    4.82   18.14    38.4    0.64  12.94   0.57    36.38    34.9      9.2   14.60   68.21     2.87     2.24    3.37   8.29    39.69 27.99 43.12     11.76  1.85  0.17    12314    55.50   22.3     34.10 16.96     39.81     3.72
                         "Ferriere"     "PC"    3.85   20.52    42.4    1.20  13.12   0.43    10.22    32.6     10.0   12.50   61.44     2.37     2.09    2.74   6.10    33.39 22.32 36.26     16.67  1.72  0.19    13253    49.72   14.1     20.37  0.00     27.37     5.35
               "Fiorenzuola d'Arda"     "PC"    6.77    8.83    22.2    1.63   9.39   1.48    10.45    44.2      7.6   62.20  135.75     7.66     3.77    9.16  12.82    78.58 33.76 54.04     15.35  2.17  1.28    19984    61.75   46.8     53.66 24.98     40.60     6.76
                          "Gazzola"     "PC"    7.40   11.20    27.3    2.38   7.88   2.53    14.26    42.0      2.8   63.46  142.55     7.47     4.06   15.70  27.93    65.29 29.80 56.14     12.00  2.58  0.00    15354    59.06   20.9     37.34 25.32     53.76     9.08
                       "Gossolengo"     "PC"    7.74    7.40    20.5    1.58   7.19   1.37    10.27    45.5      5.8   88.89  208.86    10.09     4.58   26.95  28.32    81.21 29.17 59.20     13.73  1.65  0.28    18689    57.48   29.8     39.45  0.00     45.00     7.96
              "Gragnano Trebbiense"     "PC"    7.09   11.12    24.3    1.19   9.99   1.14    13.61    42.5      7.7   52.76  157.08     7.20     3.69   13.61  17.05    78.11 30.95 54.67     10.05  1.06  0.16    18080    62.35   24.4     45.51 19.00     46.26     4.68
                      "Gropparello"     "PC"    6.17   16.28    32.6    1.55  12.79   0.76    16.35    38.2      8.9   47.54  154.94     7.32     4.69    5.00  17.38    59.61 33.23 50.34     13.42  1.14  0.15    14280    60.33   22.9     37.58  8.77     44.19     6.86
             "Lugagnano Val d'Arda"     "PC"    8.12   11.10    27.5    1.68  10.72   0.96    11.90    39.9      8.6   34.95  195.54     5.67     3.05   11.94  15.76    73.11 31.36 48.19     13.28  1.20  0.21    15052    60.45   25.6     39.34 15.79     47.76     6.23
              "Monticelli d'Ongina"     "PC"    6.31   12.18    25.2    1.43  11.39   0.48    13.21    40.8      5.6   52.51  147.21     7.11     3.90    4.77  21.21    71.65 34.50 52.45     12.08  1.39  0.54    16989    61.68   27.7     41.02 11.73     41.13     6.30
                         "Morfasso"     "PC"    4.38   16.98    40.9    1.09  13.36   0.35    28.18    33.5     10.8   17.98   75.21     3.07     2.42    3.57   6.11    27.39 29.88 48.65     10.08  1.50  0.12    10861    62.46   14.3     25.00 20.16     39.64     1.64
                         "Nibbiano"     "PC"    5.76   11.02    30.9    0.98   9.88   1.30    11.54    43.9      7.8   51.35  125.96     7.76     4.21    8.62  16.36    77.93 29.15 52.59     14.93  1.06  0.16    14036    61.98   28.4     33.24 13.53     50.85     3.21
                           "Ottone"     "PC"    1.80   24.47    47.5    1.46  14.93   1.01    10.44    29.4      6.1   13.04  114.29     3.37     3.49    2.50   3.13    27.08 27.83 40.18      9.26  2.13  0.22    13888    56.34   14.5      7.75  0.00     35.82    12.15
                         "Pecorara"     "PC"    3.04   19.52    44.0    1.38  12.34   0.86    26.96    34.3      8.3   20.00  123.73     4.30     3.70    3.32   9.38    55.08 28.18 48.43      6.31  1.47  0.00    11905    66.67   11.0     13.33  0.00     42.37     2.51
                         "Piacenza"     "PC"    6.82    8.30    25.7    2.62   9.55   7.97     7.60    43.8      8.7   58.40  109.02     6.97     3.40    7.33  19.64    91.03 35.19 59.58     19.10  1.18  2.08    22668    62.24   42.6     58.69 34.79     28.12     7.42
              "Pianello Val Tidone"     "PC"    6.43   13.68    32.9    1.26   9.77   3.13     7.98    38.3      7.3   34.33  145.45     6.66     3.77    4.82  12.35    75.80 31.22 51.93     18.41  2.69  0.56    14763    61.01   28.9     25.98  0.00     41.42     3.80
                         "Piozzano"     "PC"    4.53   12.53    27.6    1.47   9.60   0.98    14.60    46.4      2.9   35.90  103.70     6.22     4.40    4.65  11.96    47.84 27.20 63.07     11.11  2.40  0.00    12252    68.80   14.5     12.84  0.00     44.83     7.87
                        "Podenzano"     "PC"    8.03    8.00    18.9    1.35   7.97   0.91    10.71    44.7      6.9   71.75  215.74     8.08     3.83   15.46  18.61    84.04 28.68 56.66     13.47  1.01  0.32    17893    61.02   52.6     71.05 36.95     41.35     5.91
                  "Ponte dell'Olio"     "PC"    6.86   10.32    25.7    1.47  10.17   0.49    14.03    41.7      7.2   53.57  146.96     7.25     3.67   10.21   8.04    75.20 31.51 50.90     14.47  1.28  0.46    18025    59.21   27.8     45.97 24.48     43.26     7.57
                        "Pontenure"     "PC"    6.70    9.08    20.0    1.43   9.38   1.15    11.11    44.1      8.5   58.99  112.13     6.94     3.42   13.46  13.04    81.93 32.27 57.85     14.07  1.17  0.32    18810    59.88   31.8     50.72 18.55     40.58     6.76
                        "Rivergaro"     "PC"    7.20   10.59    25.5    2.03   9.19   1.32     9.18    42.6      7.6   50.48  159.35     7.40     3.59   11.64  18.12    82.36 30.04 54.18     12.96  1.74  0.29    19538    57.25   22.2     36.60  5.28     35.84     9.23
                       "Rottofreno"     "PC"    8.36    8.03    19.6    1.47   7.57   0.81    10.58    45.0      7.3   72.05  165.70     7.79     3.59   19.41  16.68    88.80 31.18 55.81     12.17  1.03  0.29    19648    60.27   33.4     51.80 16.79     39.12     5.97
           "San Giorgio Piacentino"     "PC"    7.48    8.46    20.7    1.53   8.57   1.24     9.81    44.3      7.1   82.58  143.24     9.09     4.27   14.57  17.35    76.52 29.33 53.84     11.96  1.53  0.17    17617    57.54   19.8     28.53  7.86     41.59     6.16
              "San Pietro in Cerro"     "PC"    6.29    8.59    24.7    0.60   9.79   1.04    15.12    42.8      4.9   51.28   85.04     6.66     3.37    3.79  12.88    64.65 30.27 58.94     13.33  1.20  0.00    14265    58.44   13.8      7.97  0.00     40.74     0.48
                          "Sarmato"     "PC"    7.16    9.79    24.0    2.09   9.33   0.63    12.68    39.8      9.1   57.89  145.66     8.52     4.11   11.66  13.64    76.88 32.60 51.34     14.77  0.85  0.19    18180    57.92   36.9     63.84 35.85     38.19     4.13
                            "Travo"     "PC"    5.66   14.71    36.2    1.52  12.18   1.57    13.65    37.7      9.1   33.91  151.31     6.57     3.92    6.17  11.36    59.87 25.68 54.04     16.96  1.62  0.15    14460    65.77   14.1      7.91  0.00     33.58     6.70
                         "Vernasca"     "PC"    6.08   14.56    30.8    0.86  12.61   0.81    18.53    39.3      6.7   47.46  120.14     7.00     4.40    6.61  13.21    56.20 33.21 48.03      5.80  1.69  0.11    12939    65.37   23.1     49.43 38.70     51.79     3.23
                        "Vigolzone"     "PC"    7.94    9.54    22.9    1.81   8.79   0.63    10.29    42.7      7.4   51.75  127.04     7.20     3.51   13.85  12.64    76.38 31.00 53.36     16.78  1.34  0.15    19303    59.81   31.9     49.82 20.93     44.93     6.51
              "Villanova sull'Arda"     "PC"    6.31   10.93    21.4    0.75  11.13   2.87    14.44    44.2      5.6   55.13  123.97     7.12     3.55    6.96  31.73    71.22 31.16 54.82      9.64  1.09  0.20    16384    58.35   35.0     52.91 21.13     41.46     3.99
                            "Zerba"     "PC"    2.58   30.97    55.9    1.94  14.84   0.00     5.19    26.5     12.2   14.29  154.55     4.30    13.33    1.08   8.60    32.26 27.74 39.35      6.67  5.16  0.00    13775    45.81   20.6      0.00  0.00     38.89    15.79
                 "Ziano Piacentino"     "PC"    5.45   16.11    34.8    1.03  12.91   0.97    10.95    38.6      6.6   26.11  173.81     5.20     3.65    4.10  13.32    76.52 35.00 52.06      8.41  0.46  0.15    13924    66.30   21.6     21.91  0.00     27.70     4.98
                        "Alfonsine"     "RA"    5.74    9.98    17.9    2.88   9.79   2.79    19.43    47.4      7.4   48.51   83.91     5.35     2.63    9.02  31.99    85.35 29.86 60.74      8.71  0.78  0.37    16286    64.21   29.4     59.69 36.73     43.30     5.73
                     "Bagnacavallo"     "RA"    6.19   11.46    20.0    2.34   9.52   3.88    19.81    45.5      6.9   45.63  130.56     5.77     2.96    5.73  34.70    84.50 31.18 60.05     10.90  0.62  0.52    15994    62.49   25.1     45.97 14.61     45.40     6.04
               "Bagnara di Romagna"     "RA"    5.37   11.97    19.7    1.98   8.99   2.17    16.46    44.1      6.3   55.17  129.17     6.23     3.49    2.78  26.44    91.34 30.36 59.66     13.24  1.40  0.47    15275    60.89   29.8     44.12  0.00     49.32     4.21
                      "Brisighella"     "RA"    6.22   12.35    27.0    1.88  10.44   3.05    20.15    44.6      6.5   46.96  107.88     5.94     3.15    6.44  19.54    66.33 29.98 58.68      6.49  1.64  0.31    15598    57.95   22.4     36.58 12.99     44.18     5.23
                  "Casola Valsenio"     "RA"    7.85   10.89    24.1    1.54   9.39   2.50    18.45    45.6      4.2   49.18  200.00     6.83     3.59    9.35  20.10    77.71 29.39 53.89      6.32  2.01  0.61    14924    57.17   22.4     44.73  9.16     40.49     4.67
                 "Castel Bolognese"     "RA"    7.81    9.52    18.0    1.95   7.98   1.75    16.54    48.2      5.3   82.72  129.75     8.49     3.95    9.98  29.24    85.07 29.53 55.79     12.35  0.93  0.96    17794    59.73   36.5     63.72 35.28     41.28     5.36
                           "Cervia"     "RA"    7.50    7.67    22.9    3.02   8.49   3.11    14.16    44.9     16.9   70.62  142.68     7.60     3.46    9.55  31.49    93.37 28.43 58.22     10.26  6.31  0.58    14082    62.93   34.9     26.45  8.10     27.93     7.16
                        "Conselice"     "RA"    5.38   11.63    19.4    2.34   9.82   2.84    18.53    46.0      7.4   45.65  122.91     6.17     3.25    5.37  29.67    89.56 31.97 57.61     15.40  0.84  0.41    16364    66.37   32.5     53.29 31.26     43.22     3.78
                        "Cotignola"     "RA"    7.04    9.98    20.2    1.95   8.81   3.24    18.12    47.8      4.7   54.58   98.46     6.31     3.09    7.93  37.99    85.25 30.49 61.29     10.74  1.03  0.46    17566    62.46   40.7     64.09 37.80     38.67     5.16
                           "Faenza"     "RA"    7.16   10.20    21.3    2.63   9.19   5.92    15.52    46.2      6.8   59.29  120.35     6.82     3.39    8.97  27.58    89.20 31.79 59.69     16.81  1.29  1.11    18683    59.42   41.2     57.24 32.01     34.87     6.79
                        "Fusignano"     "RA"    5.75   10.86    17.4    2.70   9.58   2.90    19.70    47.1      7.9   44.53  138.44     5.43     2.81    8.07  33.81    84.95 30.57 60.58     11.76  0.92  0.48    16367    62.49   39.0     58.31 20.79     41.37     4.04
                             "Lugo"     "RA"    6.12   10.87    20.0    2.46   9.62   5.69    16.04    45.2      6.8   50.00  125.88     6.12     3.12    6.49  33.74    85.54 31.88 61.27     14.01  1.05  1.50    18232    62.98   37.9     54.31 23.32     33.13     8.01
                    "Massalombarda"     "RA"    5.77   11.05    22.8    2.78  10.84   3.49    18.59    45.6     10.1   41.80  139.15     5.09     2.63    7.07  23.79    87.10 34.07 57.85     11.43  0.90  0.62    17312    65.83   33.2     58.44 30.83     39.81     4.54
                          "Ravenna"     "RA"    6.34    8.22    21.7    3.38   8.42   5.69    12.96    45.9      9.2   64.25  154.27     6.42     3.01    9.10  30.21    91.20 30.84 65.32     13.45  1.70  1.53    19696    62.75   40.7     63.17 37.47     27.49     6.44
                      "Riolo Terme"     "RA"    8.28    8.68    18.7    1.72   8.44   2.56    17.40    48.1      6.8   76.22  120.52     7.25     3.56   10.17  26.58    85.75 30.48 53.38      9.59  3.37  0.30    16208    59.51   30.5     38.28 12.74     36.90     2.64
                            "Russi"     "RA"    6.16   11.21    18.7    1.98   9.20   3.44    17.42    45.9      6.6   48.78  112.11     5.52     2.92    8.59  35.87    89.39 28.81 56.83      8.66  1.39  0.76    17019    63.26   31.8     50.35 25.75     46.13     4.95
          "Sant'Agata sul Santerno"     "RA"    6.89   13.89    22.0    2.60  11.04   3.43    17.89    47.3      7.8   53.16  120.27     6.99     3.75    5.36  29.43    89.84 30.87 58.59     11.27  2.35  0.30    16836    61.04   35.5     50.35 14.63     34.91     3.73
                         "Solarolo"     "RA"    7.22   11.29    16.5    1.90   8.74   3.14    21.22    44.4      5.6   57.32  194.29     7.49     3.80    8.99  36.89    82.37 28.67 54.65     11.90  1.42  0.40    15028    56.12   21.6     21.99  0.00     41.35     5.21
                          "Albinea"     "RE"    7.92    6.19    15.3    1.71   6.77   5.26    11.34    48.7      4.6  125.00  172.03     9.12     4.05   14.35  38.23    88.14 26.73 62.49     16.97  1.01  0.21    23545    62.34   28.8     53.97 23.94     41.45     9.75
                 "Bagnolo in Piano"     "RE"    7.41    8.32    15.4    1.86   8.18   2.35    11.86    48.0      4.9   88.89  144.51     7.95     3.69   13.51  29.86    89.66 28.79 58.19     11.88  1.15  0.54    18726    64.64   36.9     57.53 22.85     36.73     6.73
                            "Baiso"     "RE"    8.25    8.75    19.9    1.09   8.93   1.74    21.08    46.7      5.4   59.20  115.83     7.68     3.92    7.70  21.58    71.26 25.99 57.27      8.05  1.12  0.19    16930    61.84   17.2     30.43  0.00     55.14     4.70
                         "Bibbiano"     "RE"    7.94    8.36    18.4    2.04   8.61   2.87    12.15    47.4      4.7   74.42  107.65     7.37     3.39    7.63  26.08    81.79 29.76 57.81      9.56  0.61  0.32    18371    61.54   34.0     48.54  9.19     50.72     4.13
                          "Boretto"     "RE"    7.47    9.92    20.3    2.57  10.66   3.19    10.81    43.7      6.3   57.67  160.61     7.25     3.71   11.29  31.88    73.00 30.80 53.68     11.83  0.76  0.51    17896    61.82   33.0     51.86 15.09     48.08     6.32
                        "Brescello"     "RE"    7.99   10.33    19.4    1.86  10.68   2.91    12.96    45.4      6.7   63.37  137.93     7.97     3.94    7.10  24.92    77.59 28.98 53.31     17.05  1.18  0.46    18854    58.86   44.0     58.28 30.11     46.68     6.90
                           "Busana"     "RE"    6.55   13.31    37.0    2.70  11.46   2.31    16.15    39.5      9.7   37.88   98.57     5.93     3.40    7.72  16.41    55.03 31.46 48.26      7.33  3.84  0.14    15613    57.15   38.1     51.49 35.07     40.14     6.26
              "Cadelbosco di Sopra"     "RE"    7.17    9.46    14.8    1.69   8.61   2.20    13.61    47.5      5.2   63.52  137.96     7.19     3.47    8.86  31.17    82.06 28.71 58.74     11.11  0.96  0.51    17940    64.15   36.1     46.25 16.25     53.21     5.93
                "Campagnola Emilia"     "RE"    7.40   10.30    16.2    1.78   9.16   1.99    15.06    46.9      6.1   51.63  131.30     5.92     2.85    7.39  34.41    83.06 28.80 54.20      9.79  0.79  0.34    17206    62.74   32.4     46.49  0.00     47.71     7.49
                        "Campegine"     "RE"    8.07    9.03    16.1    1.77   9.15   2.08    13.89    45.3      5.8   77.17  117.43     8.01     3.83    8.28  27.88    81.43 28.50 56.51     11.71  0.69  0.32    17450    61.52   23.4     38.36 14.05     52.90     4.78
                          "Canossa"     "RE"    7.27   10.90    24.8    1.83   9.85   1.26    15.85    41.6      4.9   66.47  155.96    11.11     5.77    6.36  19.78    71.06 29.23 56.80     11.85  1.65  0.54    15355    63.68   30.2     41.45  6.46     41.69     6.66
                        "Carpineti"     "RE"    7.48   10.68    22.8    1.71   9.14   1.28    20.24    45.1      6.8   82.81  178.89     8.78     4.85    9.00  21.56    66.96 27.40 59.96      7.95  1.89  0.37    15586    60.83   24.4     37.92 15.19     47.60     3.07
                      "Casalgrande"     "RE"    8.79    5.12    12.7    1.71   7.08   1.32    16.06    49.9      5.3  106.58   99.68     6.10     2.68    7.50  23.54    89.60 27.27 63.31     12.30  1.08  0.57    20250    63.45   48.7     67.50 35.64     44.67     4.97
                           "Casina"     "RE"    8.41   10.88    23.0    1.48   8.66   2.30    15.36    43.9      6.1   97.65  156.04    17.10     9.22   10.03  22.39    68.15 27.69 57.36      6.08  1.92  0.32    16123    58.72   28.8     39.59 10.37     50.12     5.13
                     "Castellarano"     "RE"   10.76    4.73    13.6    1.70   5.57   1.89    13.38    49.7      5.7  114.81  209.98     8.13     3.33   11.55  25.47    88.15 25.15 59.75     14.17  1.17  0.66    21389    60.31   53.0     70.56 41.97     45.24     6.92
              "Castelnovo di Sotto"     "RE"    7.80    9.95    19.7    1.55   9.63   2.01    13.51    47.2      4.8   94.32  113.37    10.06     4.91    9.21  29.71    82.77 28.39 59.31     19.98  1.02  0.48    17538    62.78   37.6     51.80 24.38     52.17     3.88
             "Castelnovo ne' Monti"     "RE"    8.31    9.40    21.0    2.01   9.09   4.22    15.19    44.0      7.0   60.91  166.06     6.95     3.47    9.04  18.64    74.30 28.79 54.78      9.13  1.79  0.61    16877    58.13   33.7     43.85 13.82     37.41     5.73
                         "Cavriago"     "RE"    7.70    8.21    17.4    2.56   8.22   2.81    11.87    47.6      4.2   68.31  115.47     7.73     3.60   11.75  23.60    90.15 30.06 62.71     14.80  1.63  0.50    19397    64.60   46.4     59.73 19.99     48.92     5.81
                         "Collagna"     "RE"    5.85   13.76    40.8    0.90  13.49   0.46    16.38    34.4      5.8   22.45  123.81     3.30     2.06    4.20  13.73    45.40 32.01 43.97      7.14  4.77  0.18    15421    51.26   22.2     10.12  0.00     28.69     3.24
                        "Correggio"     "RE"    7.44    8.51    18.4    1.75   8.48   1.71    12.77    49.1      4.6   74.70  105.40     8.37     3.99   10.45  19.73    80.58 30.04 59.50     13.20  0.93  0.82    19503    65.09   43.3     57.55 22.40     45.58     7.38
                         "Fabbrico"     "RE"    6.34    8.88    18.8    1.40   8.92   2.03    13.54    47.5      6.2   57.14  107.69     6.64     3.20    9.19  25.45    85.82 31.45 50.57      9.33  1.38  0.63    19357    68.61   45.0     71.67 47.26     47.62     5.67
                        "Gattatico"     "RE"    8.38    8.58    18.4    2.05   7.65   1.94    13.99    46.0      5.9   72.84  147.67     8.14     4.00   14.63  26.39    77.47 26.04 57.15     11.06  1.01  0.72    17387    59.98   33.2     57.37 25.89     43.91     6.19
                        "Gualtieri"     "RE"    7.52   10.68    20.8    2.00   9.87   2.51    12.39    44.7      4.5   65.48  144.06     7.12     3.62   10.61  31.39    73.15 30.77 55.54     12.41  1.11  0.51    18203    63.66   42.4     59.51 32.60     53.00     6.11
                        "Guastalla"     "RE"    7.54    8.78    18.7    2.03   9.39   1.44    11.68    45.7      5.3   64.67  126.89     7.54     3.72   12.36  23.94    82.21 31.27 55.80     15.52  1.17  1.26    18999    61.81   43.0     53.48 30.96     39.57     8.11
                        "Ligonchio"     "RE"    4.35   15.48    38.9    1.34  14.06   1.52    19.39    31.9      8.9   20.00  116.22     3.91     2.92    5.00  13.35    52.50 32.80 48.03      5.80  2.59  0.42    17746    58.24   18.9     23.45  0.00     23.26     3.31
                          "Luzzara"     "RE"    7.77    9.62    17.3    1.61   9.45   2.77    12.70    44.3      5.3   57.14  169.42     6.88     3.45    9.59  31.69    80.18 29.71 52.85     15.77  0.79  0.60    17592    59.04   39.6     55.44 17.80     49.13     6.91
                "Montecchio Emilia"     "RE"    8.89    9.42    19.8    2.33   8.90   3.64    12.42    45.6      4.9   78.82  156.97     9.41     4.44   13.64  27.71    88.50 29.95 57.74     16.76  0.94  0.85    19843    60.89   51.7     63.14 34.36     44.47     6.05
                        "Novellara"     "RE"    6.81    9.20    17.4    1.95   8.34   1.01    14.89    46.7      4.6   63.75  137.57     7.57     3.60    6.75  27.50    84.44 29.68 57.22     10.59  0.86  0.57    17894    63.88   31.4     49.62  4.85     51.75     5.59
                         "Poviglio"     "RE"    7.72   10.30    17.8    1.26  10.46   3.09    12.59    45.8      5.6   53.67  132.73     7.30     3.70    8.22  30.75    80.87 28.45 56.01     12.11  0.85  0.47    17666    58.97   32.7     46.41 13.24     45.91     5.96
                 "Quattro Castella"     "RE"    7.84    7.10    16.9    1.91   7.55   2.93    11.78    48.9      4.6   83.86  180.50     8.37     3.71   16.44  29.97    90.03 27.13 60.01     16.37  1.57  0.42    19350    61.71   32.7     47.76 19.33     47.05     8.38
                         "Ramiseto"     "RE"    6.94   13.95    31.0    1.97  12.42   0.16    16.79    36.2     10.0   26.32  111.61     5.31     3.43    7.05  11.92    43.26 27.52 47.90      6.67  3.12  0.25    14982    48.54   21.7     13.20  0.00     41.18     6.28
                         "Reggiolo"     "RE"    9.50    7.71    15.4    1.61   7.52   2.37    15.40    48.2      5.5   73.91  130.26     8.47     3.75   17.75  34.65    87.95 27.09 52.89     12.11  1.23  0.60    18363    59.18   46.4     57.68 25.15     52.82     3.74
               "Reggio nell'Emilia"     "RE"    7.50    9.05    24.8    2.50   9.45   7.13     9.51    46.1      6.0   76.68  172.11     8.40     4.03   10.63  23.03    88.65 31.25 64.28     23.12  1.45  2.23    22450    62.48   49.6     62.09 35.90     32.38     6.96
                     "Rio Saliceto"     "RE"    8.42    7.70    12.9    1.66   7.36   1.90    14.22    50.1      4.8  117.76  163.03     9.66     4.29   10.13  26.33    87.27 26.86 52.03     10.80  0.85  0.32    17993    61.85   41.2     43.07  0.00     49.43     6.94
                             "Rolo"     "RE"    7.65    9.08    20.6    1.43  10.30   2.50    13.21    46.4      5.7   68.22  131.22     7.24     3.55    7.55  30.43    85.06 31.82 49.82     11.20  0.57  0.48    17516    64.55   31.8     41.50  0.00     50.72     6.68
                          "Rubiera"     "RE"    7.05    7.70    16.3    1.77   8.26   2.81    10.34    49.7      4.3   90.18  115.82     8.56     3.93   13.27  25.08    90.90 30.36 59.27     15.22  1.50  0.69    20848    65.15   47.9     59.86 24.88     40.81     5.93
               "San Martino in Rio"     "RE"    7.78    8.45    16.0    1.40   8.45   3.53    12.90    51.1      3.7  105.44  167.50     9.55     4.53   12.69  32.97    86.66 29.96 56.14     14.51  0.67  0.52    18456    64.64   50.9     60.27 30.22     52.86     6.10
                  "San Polo d'Enza"     "RE"    7.68   10.59    21.6    2.27  10.69   2.68    12.59    45.5      4.8   60.98  128.81     7.02     3.55    8.86  25.40    83.41 29.03 57.40     12.94  1.14  0.69    17378    61.71   32.7     39.90  4.50     42.73     6.81
               "Sant'Ilario d'Enza"     "RE"    8.12    7.88    18.3    1.91   9.03   3.15    11.77    46.2      5.3   83.51  140.91     8.77     4.10    9.47  24.89    84.54 29.92 57.67     12.54  1.26  0.93    19367    62.47   44.9     58.16 32.15     39.52     5.53
                        "Scandiano"     "RE"    8.49    6.55    14.9    2.13   7.42   1.73    12.73    47.2      4.9   95.24  132.23     8.22     3.60    7.09  24.27    91.54 29.04 61.48     12.40  1.08  0.57    19298    62.60   34.7     49.83 22.85     48.19     6.42
                            "Toano"     "RE"    8.66    9.21    27.1    1.24   8.76   1.47    16.64    44.3      5.9   67.81  143.42     8.33     4.46    7.62  16.48    74.79 27.89 53.41      8.38  1.11  0.56    16083    53.05   22.9     31.35  6.49     52.20     5.34
                            "Vetto"     "RE"    6.41   12.67    29.5    2.14  11.63   2.03    20.14    41.4      6.2   47.78  128.87     6.80     4.13    6.98  13.88    49.59 29.09 50.36      7.36  1.66  0.14    15134    57.43   24.2     32.22 19.84     37.88     4.11
             "Vezzano sul Crostolo"     "RE"    6.38    9.29    23.4    1.99   9.74   1.82    13.40    46.2      5.9   63.39  144.62     7.02     3.43    5.88  19.94    76.08 26.77 55.45      9.45  1.10  0.33    16736    64.95   27.6     35.41  5.92     52.03     3.62
                            "Viano"     "RE"    8.95    7.60    20.8    1.87   7.87   1.76    14.81    47.9      7.0   97.44  171.08     9.49     4.77    9.14  24.03    75.46 24.16 59.59     13.73  1.80  0.49    17453    60.04   39.6     50.19 18.81     43.01     5.80
                    "Villa Minozzo"     "RE"    7.01   12.90    29.0    1.50  10.88   1.54    14.54    36.3      9.6   38.83  124.66     5.99     3.65    6.52  15.54    55.10 29.90 50.97      8.66  1.77  0.39    13987    58.65   17.9     19.23  0.00     34.08     5.12
