   width height length shell mass
1    318     68    158   345   47
2    312     56    148   290   52
3    265     46    124   167   27
4    222     38    104    67   13
5    274     51    143   238   31
6    216     35     99    68   14
7    217     34    109    75   15
8    202     32     96    54    4
9    272     44    119   128   23
10   273     49    123   150   32
11   260     48    135   117   30
12   276     47    133   190   26
13   270     50    126   160   24
14   280     52    130   212   31
15   262     50    134   208   31
16   312     61    120   235   42
17   220     34     94    52    9
18   212     32    102    74   13
19   196     28     85    42    7
20   226     38    104    69   13
21   284     61    134   268   50
22   320     60    137   323   39
23   331     60    140   359   47
24   276     46    126   167   40
25   186     30     92    33    5
26   213     35     98    51   12
27   291     47    130   170   26
28   298     54    137   224   32
29   287     55    140   238   40
30   230     40    106    68   16
31   293     57    135   208   33
32   298     48    135   167   28
33   290     47    134   187   28
34   282     52    135   191   42
35   221     37    104    58   15
36   287     54    135   180   27
37   228     46    129   188   33
38   210     33    107    65   14
39   308     58    131   299   29
40   265     48    124   159   26
41   270     44    124   145   25
42   208     33     99    54    9
43   277     45    123   129   18
44   241     39    110   104   23
45   219     38    105    66   13
46   170     27     87    24    6
47   150     21     75    19    6
48   132     20     65    10    1
49   175     30     86    36    8
50   150     22     69    18    5
51   162     25     79    20    6
52   252     47    124   133   22
53   275     48    131   179   24
54   224     36    107    69   13
55   211     33    100    59   11
56   254     46    126   120   18
57   234     37    114    72   17
58   221     37    108    74   15
59   167     27     80    27    7
60   220     36    106    52   14
61   227     35    118    76   14
62   177     25     83    25    8
63   230     47    112   125   18
64   288     46    132   138   24
65   275     54    127   191   29
66   273     42    120   148   21
67   246     37    110    90   17
68   250     43    115   120   17
69   290     48    131   203   34
70   226     35    111    64   16
71   269     45    121   124   22
72   267     48    121   153   24
73   263     48    123   151   19
74   217     36    104    68   13
75   188     33     93    51   10
76   152     25     76    19    5
77   227     38    112    88   15
78   216     25    110    53   12
79   242     45    112    61   12
80   260     44    123   133   24
81   196     35    101    68   15
82   220     36    105    64   16
